91 7
92 7
93 7
94 7
95 7
96 7
97 7
98 7
99 7
100 7
101 7
102 7
88 8
89 8
90 8
91 8
102 8
103 8
104 8
105 8
106 8
86 9
87 9
88 9
106 9
107 9
108 9
109 9
85 10
86 10
109 10
110 10
85 11
110 11
111 11
112 11
84 12
85 12
112 12
113 12
84 13
113 13
114 13
146 13
83 14
84 14
114 14
115 14
142 14
143 14
144 14
145 14
146 14
83 15
115 15
116 15
139 15
140 15
141 15
142 15
143 15
144 15
145 15
146 15
83 16
116 16
117 16
137 16
138 16
139 16
142 16
143 16
83 17
117 17
118 17
134 17
135 17
136 17
137 17
140 17
141 17
142 17
83 18
118 18
132 18
133 18
134 18
139 18
140 18
83 19
118 19
119 19
131 19
132 19
138 19
139 19
83 20
119 20
130 20
131 20
137 20
138 20
83 21
119 21
129 21
130 21
136 21
137 21
83 22
91 22
92 22
93 22
94 22
95 22
96 22
97 22
98 22
99 22
100 22
119 22
128 22
129 22
135 22
136 22
83 23
84 23
88 23
89 23
90 23
91 23
100 23
101 23
102 23
103 23
104 23
119 23
127 23
128 23
134 23
135 23
84 24
85 24
86 24
87 24
88 24
104 24
105 24
106 24
119 24
126 24
127 24
133 24
134 24
106 25
107 25
108 25
119 25
120 25
126 25
132 25
133 25
108 26
109 26
110 26
120 26
125 26
126 26
131 26
132 26
110 27
111 27
120 27
124 27
125 27
130 27
131 27
111 28
112 28
120 28
124 28
130 28
112 29
113 29
120 29
123 29
124 29
129 29
130 29
113 30
114 30
120 30
123 30
129 30
114 31
115 31
120 31
122 31
123 31
128 31
129 31
115 32
120 32
121 32
122 32
128 32
115 33
116 33
128 33
116 34
127 34
128 34
116 35
117 35
127 35
117 36
127 36
117 37
118 37
127 37
118 38
127 38
118 39
127 39
88 40
89 40
90 40
91 40
92 40
93 40
94 40
95 40
96 40
97 40
98 40
99 40
100 40
101 40
102 40
103 40
118 40
119 40
127 40
85 41
86 41
87 41
88 41
103 41
104 41
105 41
106 41
107 41
108 41
119 41
126 41
127 41
83 42
84 42
85 42
108 42
109 42
110 42
111 42
119 42
120 42
126 42
142 42
143 42
144 42
145 42
146 42
147 42
148 42
149 42
150 42
151 42
152 42
153 42
154 42
82 43
83 43
111 43
112 43
113 43
114 43
115 43
116 43
120 43
126 43
136 43
137 43
138 43
139 43
140 43
141 43
142 43
154 43
155 43
156 43
157 43
158 43
159 43
160 43
161 43
81 44
82 44
116 44
117 44
118 44
120 44
126 44
134 44
135 44
136 44
161 44
162 44
163 44
164 44
79 45
80 45
81 45
118 45
119 45
120 45
126 45
131 45
132 45
133 45
134 45
164 45
165 45
166 45
167 45
78 46
79 46
126 46
130 46
131 46
167 46
168 46
169 46
170 46
171 46
76 47
77 47
78 47
126 47
127 47
128 47
129 47
130 47
171 47
172 47
173 47
74 48
75 48
76 48
173 48
174 48
72 49
73 49
74 49
174 49
175 49
71 50
72 50
175 50
176 50
70 51
71 51
176 51
177 51
178 51
69 52
70 52
178 52
179 52
180 52
181 52
68 53
69 53
181 53
182 53
67 54
68 54
182 54
183 54
184 54
66 55
67 55
184 55
185 55
186 55
66 56
186 56
187 56
65 57
66 57
187 57
188 57
65 58
188 58
189 58
64 59
65 59
189 59
190 59
64 60
190 60
191 60
64 61
191 61
63 62
64 62
191 62
192 62
63 63
192 63
63 64
192 64
193 64
62 65
63 65
193 65
62 66
193 66
61 67
62 67
193 67
194 67
61 68
194 68
60 69
61 69
194 69
60 70
194 70
195 70
60 71
195 71
59 72
60 72
195 72
59 73
195 73
196 73
59 74
196 74
58 75
59 75
196 75
58 76
196 76
58 77
196 77
58 78
196 78
197 78
58 79
197 79
57 80
58 80
197 80
57 81
197 81
57 82
197 82
57 83
197 83
198 83
56 84
57 84
198 84
56 85
198 85
56 86
198 86
199 86
56 87
199 87
56 88
199 88
56 89
199 89
56 90
199 90
56 91
199 91
200 91
56 92
200 92
56 93
200 93
56 94
200 94
56 95
200 95
56 96
200 96
201 96
56 97
201 97
56 98
201 98
56 99
201 99
56 100
201 100
56 101
201 101
56 102
201 102
56 103
201 103
56 104
201 104
56 105
201 105
56 106
201 106
56 107
201 107
56 108
201 108
56 109
201 109
56 110
57 110
201 110
57 111
201 111
57 112
201 112
57 113
201 113
57 114
201 114
57 115
58 115
201 115
58 116
201 116
58 117
200 117
201 117
58 118
200 118
58 119
59 119
200 119
59 120
200 120
59 121
200 121
59 122
60 122
200 122
60 123
200 123
60 124
200 124
60 125
61 125
200 125
61 126
199 126
200 126
61 127
199 127
61 128
62 128
199 128
62 129
199 129
62 130
199 130
62 131
63 131
198 131
199 131
63 132
198 132
63 133
64 133
198 133
64 134
65 134
198 134
65 135
197 135
198 135
65 136
66 136
197 136
66 137
196 137
197 137
66 138
67 138
196 138
67 139
68 139
196 139
68 140
195 140
196 140
68 141
69 141
195 141
69 142
195 142
69 143
70 143
194 143
195 143
70 144
71 144
193 144
194 144
71 145
72 145
193 145
72 146
192 146
193 146
72 147
73 147
192 147
73 148
74 148
192 148
74 149
75 149
191 149
192 149
75 150
76 150
190 150
191 150
76 151
77 151
189 151
190 151
77 152
78 152
188 152
189 152
78 153
79 153
186 153
187 153
188 153
79 154
80 154
81 154
186 154
81 155
82 155
184 155
185 155
186 155
82 156
83 156
84 156
182 156
183 156
184 156
84 157
85 157
181 157
182 157
85 158
86 158
180 158
181 158
86 159
87 159
88 159
89 159
178 159
179 159
180 159
89 160
90 160
91 160
92 160
176 160
177 160
178 160
92 161
93 161
94 161
95 161
96 161
121 161
122 161
123 161
124 161
125 161
174 161
175 161
176 161
96 162
97 162
98 162
99 162
100 162
101 162
102 162
103 162
104 162
105 162
106 162
107 162
108 162
109 162
110 162
111 162
112 162
113 162
114 162
115 162
116 162
117 162
118 162
119 162
120 162
121 162
125 162
126 162
171 162
172 162
173 162
174 162
126 163
127 163
128 163
169 163
170 163
171 163
128 164
129 164
130 164
165 164
166 164
167 164
168 164
169 164
130 165
131 165
132 165
133 165
134 165
135 165
136 165
159 165
160 165
161 165
162 165
163 165
164 165
165 165
136 166
137 166
138 166
139 166
140 166
141 166
142 166
143 166
144 166
145 166
146 166
147 166
148 166
149 166
150 166
151 166
152 166
153 166
154 166
155 166
156 166
157 166
158 166
159 166
