96 4
97 4
98 4
99 4
96 5
99 5
100 5
96 6
97 6
100 6
97 7
100 7
101 7
97 8
98 8
101 8
134 8
135 8
136 8
137 8
138 8
139 8
140 8
141 8
142 8
143 8
144 8
145 8
146 8
147 8
148 8
149 8
98 9
101 9
102 9
131 9
132 9
133 9
134 9
149 9
150 9
151 9
152 9
153 9
98 10
99 10
102 10
129 10
130 10
131 10
153 10
154 10
99 11
102 11
103 11
128 11
129 11
154 11
155 11
99 12
100 12
103 12
126 12
127 12
128 12
155 12
156 12
100 13
101 13
103 13
104 13
125 13
126 13
156 13
101 14
102 14
104 14
105 14
124 14
125 14
156 14
102 15
105 15
106 15
123 15
124 15
155 15
156 15
102 16
103 16
106 16
107 16
122 16
123 16
154 16
155 16
103 17
107 17
122 17
150 17
151 17
152 17
153 17
154 17
103 18
104 18
107 18
108 18
122 18
146 18
147 18
148 18
149 18
150 18
104 19
105 19
108 19
109 19
121 19
122 19
145 19
146 19
105 20
106 20
109 20
110 20
120 20
121 20
141 20
142 20
143 20
144 20
145 20
106 21
107 21
110 21
119 21
120 21
140 21
141 21
107 22
110 22
111 22
118 22
119 22
139 22
140 22
107 23
108 23
111 23
112 23
117 23
118 23
137 23
138 23
139 23
108 24
109 24
112 24
113 24
116 24
117 24
136 24
137 24
109 25
110 25
113 25
114 25
115 25
116 25
134 25
135 25
136 25
110 26
111 26
132 26
133 26
134 26
111 27
112 27
131 27
132 27
112 28
130 28
131 28
112 29
113 29
129 29
130 29
113 30
128 30
129 30
113 31
127 31
128 31
113 32
114 32
127 32
114 33
126 33
127 33
114 34
115 34
125 34
126 34
115 35
125 35
115 36
124 36
125 36
93 37
94 37
95 37
96 37
97 37
98 37
99 37
100 37
101 37
102 37
103 37
104 37
105 37
106 37
107 37
108 37
109 37
115 37
124 37
86 38
87 38
88 38
89 38
90 38
91 38
92 38
93 38
109 38
110 38
111 38
112 38
113 38
114 38
115 38
124 38
125 38
126 38
127 38
128 38
129 38
130 38
131 38
132 38
133 38
134 38
82 39
83 39
84 39
85 39
86 39
134 39
135 39
136 39
137 39
138 39
139 39
140 39
141 39
79 40
80 40
81 40
82 40
141 40
142 40
143 40
144 40
145 40
76 41
77 41
78 41
79 41
145 41
146 41
147 41
148 41
149 41
73 42
74 42
75 42
76 42
149 42
150 42
151 42
152 42
70 43
71 43
72 43
73 43
152 43
153 43
154 43
68 44
69 44
70 44
154 44
155 44
156 44
157 44
66 45
67 45
68 45
157 45
158 45
159 45
64 46
65 46
66 46
159 46
160 46
161 46
63 47
64 47
161 47
162 47
163 47
61 48
62 48
63 48
163 48
164 48
165 48
59 49
60 49
61 49
165 49
166 49
167 49
58 50
59 50
167 50
168 50
56 51
57 51
58 51
168 51
169 51
170 51
55 52
56 52
170 52
171 52
54 53
55 53
171 53
172 53
173 53
52 54
53 54
54 54
173 54
174 54
51 55
52 55
174 55
175 55
50 56
51 56
175 56
176 56
177 56
49 57
50 57
177 57
178 57
48 58
49 58
178 58
179 58
47 59
48 59
179 59
180 59
46 60
47 60
180 60
181 60
45 61
46 61
181 61
182 61
44 62
45 62
182 62
183 62
43 63
44 63
183 63
184 63
42 64
43 64
184 64
185 64
41 65
42 65
185 65
186 65
40 66
41 66
186 66
187 66
39 67
40 67
187 67
188 67
38 68
39 68
188 68
189 68
38 69
189 69
37 70
38 70
189 70
190 70
36 71
37 71
190 71
191 71
35 72
36 72
191 72
192 72
35 73
192 73
34 74
35 74
192 74
193 74
33 75
34 75
193 75
194 75
33 76
194 76
32 77
33 77
194 77
195 77
32 78
195 78
196 78
31 79
32 79
196 79
30 80
31 80
196 80
197 80
30 81
197 81
29 82
30 82
197 82
198 82
29 83
198 83
28 84
29 84
198 84
199 84
28 85
199 85
27 86
28 86
199 86
200 86
27 87
200 87
27 88
200 88
201 88
26 89
27 89
201 89
26 90
201 90
202 90
25 91
26 91
202 91
25 92
202 92
203 92
25 93
203 93
24 94
25 94
203 94
24 95
203 95
204 95
24 96
204 96
23 97
24 97
204 97
23 98
204 98
205 98
23 99
205 99
22 100
23 100
205 100
22 101
205 101
206 101
22 102
206 102
22 103
206 103
21 104
22 104
206 104
21 105
206 105
207 105
21 106
207 106
21 107
207 107
21 108
207 108
20 109
21 109
207 109
20 110
207 110
208 110
20 111
208 111
20 112
208 112
20 113
208 113
20 114
208 114
20 115
208 115
19 116
20 116
208 116
19 117
208 117
209 117
19 118
209 118
19 119
209 119
19 120
209 120
19 121
209 121
19 122
209 122
19 123
209 123
19 124
209 124
19 125
209 125
19 126
209 126
19 127
209 127
19 128
209 128
19 129
209 129
19 130
209 130
19 131
209 131
19 132
209 132
19 133
209 133
19 134
20 134
209 134
20 135
208 135
209 135
20 136
208 136
20 137
208 137
20 138
208 138
20 139
208 139
20 140
208 140
20 141
21 141
208 141
21 142
207 142
208 142
21 143
207 143
21 144
207 144
21 145
207 145
21 146
22 146
207 146
22 147
206 147
207 147
22 148
206 148
22 149
206 149
22 150
23 150
206 150
23 151
205 151
206 151
23 152
205 152
23 153
24 153
205 153
24 154
204 154
205 154
24 155
204 155
24 156
25 156
204 156
25 157
203 157
204 157
25 158
203 158
25 159
26 159
203 159
26 160
202 160
203 160
26 161
27 161
202 161
27 162
201 162
202 162
27 163
201 163
27 164
28 164
200 164
201 164
28 165
200 165
28 166
29 166
199 166
200 166
29 167
199 167
29 168
30 168
198 168
199 168
30 169
198 169
30 170
31 170
197 170
198 170
31 171
32 171
197 171
32 172
196 172
197 172
32 173
33 173
196 173
33 174
195 174
196 174
33 175
34 175
194 175
195 175
34 176
35 176
194 176
35 177
193 177
194 177
35 178
36 178
192 178
193 178
36 179
37 179
192 179
37 180
38 180
191 180
192 180
38 181
190 181
191 181
38 182
39 182
189 182
190 182
39 183
40 183
189 183
40 184
41 184
188 184
189 184
41 185
42 185
187 185
188 185
42 186
43 186
186 186
187 186
43 187
44 187
185 187
186 187
44 188
45 188
184 188
185 188
45 189
46 189
183 189
184 189
46 190
47 190
182 190
183 190
47 191
48 191
181 191
182 191
48 192
49 192
180 192
181 192
49 193
50 193
179 193
180 193
50 194
51 194
178 194
179 194
51 195
52 195
177 195
178 195
52 196
53 196
54 196
175 196
176 196
177 196
54 197
55 197
174 197
175 197
55 198
56 198
173 198
174 198
56 199
57 199
58 199
171 199
172 199
173 199
58 200
59 200
170 200
171 200
59 201
60 201
61 201
168 201
169 201
170 201
61 202
62 202
63 202
167 202
168 202
63 203
64 203
165 203
166 203
167 203
64 204
65 204
66 204
163 204
164 204
165 204
66 205
67 205
68 205
161 205
162 205
163 205
68 206
69 206
70 206
159 206
160 206
161 206
70 207
71 207
72 207
73 207
157 207
158 207
159 207
73 208
74 208
75 208
76 208
154 208
155 208
156 208
157 208
76 209
77 209
78 209
79 209
152 209
153 209
154 209
79 210
80 210
81 210
82 210
149 210
150 210
151 210
152 210
82 211
83 211
84 211
85 211
86 211
145 211
146 211
147 211
148 211
149 211
86 212
87 212
88 212
89 212
90 212
91 212
92 212
93 212
109 212
110 212
111 212
141 212
142 212
143 212
144 212
145 212
93 213
94 213
95 213
96 213
97 213
98 213
99 213
100 213
101 213
102 213
103 213
104 213
105 213
106 213
107 213
108 213
109 213
111 213
112 213
113 213
114 213
115 213
116 213
117 213
118 213
134 213
135 213
136 213
137 213
138 213
139 213
140 213
141 213
118 214
119 214
120 214
121 214
122 214
123 214
124 214
125 214
126 214
127 214
128 214
129 214
130 214
131 214
132 214
133 214
134 214
