145 28
146 28
147 28
148 28
149 28
150 28
151 28
152 28
142 29
143 29
144 29
145 29
152 29
153 29
140 30
141 30
142 30
153 30
154 30
138 31
139 31
140 31
154 31
155 31
135 32
136 32
137 32
138 32
155 32
133 33
134 33
135 33
155 33
156 33
132 34
133 34
156 34
106 35
107 35
108 35
131 35
132 35
155 35
156 35
105 36
106 36
108 36
109 36
130 36
131 36
154 36
155 36
103 37
104 37
105 37
109 37
110 37
129 37
130 37
153 37
154 37
103 38
104 38
110 38
111 38
128 38
129 38
152 38
153 38
104 39
105 39
111 39
112 39
127 39
128 39
151 39
152 39
105 40
106 40
112 40
113 40
126 40
127 40
150 40
151 40
106 41
107 41
113 41
114 41
124 41
125 41
126 41
149 41
150 41
107 42
108 42
114 42
123 42
124 42
149 42
108 43
109 43
114 43
115 43
122 43
123 43
148 43
149 43
109 44
110 44
115 44
122 44
147 44
148 44
110 45
115 45
116 45
121 45
122 45
146 45
147 45
110 46
111 46
116 46
120 46
121 46
145 46
146 46
111 47
116 47
119 47
120 47
144 47
145 47
111 48
112 48
116 48
117 48
118 48
119 48
143 48
144 48
112 49
142 49
143 49
112 50
141 50
142 50
112 51
139 51
140 51
141 51
112 52
113 52
138 52
139 52
113 53
136 53
137 53
138 53
113 54
135 54
136 54
113 55
133 55
134 55
135 55
113 56
132 56
133 56
112 57
113 57
132 57
112 58
132 58
133 58
134 58
135 58
136 58
137 58
138 58
139 58
140 58
141 58
142 58
143 58
144 58
93 59
94 59
95 59
96 59
97 59
98 59
99 59
100 59
101 59
102 59
103 59
104 59
105 59
106 59
107 59
108 59
109 59
110 59
111 59
112 59
144 59
145 59
146 59
147 59
148 59
149 59
150 59
151 59
86 60
87 60
88 60
89 60
90 60
91 60
92 60
93 60
151 60
152 60
153 60
154 60
155 60
81 61
82 61
83 61
84 61
85 61
86 61
155 61
156 61
157 61
158 61
159 61
77 62
78 62
79 62
80 62
81 62
159 62
160 62
161 62
162 62
74 63
75 63
76 63
77 63
162 63
163 63
164 63
165 63
71 64
72 64
73 64
74 64
165 64
166 64
167 64
68 65
69 65
70 65
71 65
167 65
168 65
169 65
170 65
66 66
67 66
68 66
170 66
171 66
172 66
64 67
65 67
66 67
172 67
173 67
174 67
62 68
63 68
64 68
174 68
175 68
176 68
60 69
61 69
62 69
176 69
177 69
178 69
58 70
59 70
60 70
178 70
179 70
56 71
57 71
58 71
179 71
180 71
181 71
54 72
55 72
56 72
181 72
182 72
183 72
53 73
54 73
183 73
184 73
51 74
52 74
53 74
184 74
185 74
186 74
50 75
51 75
186 75
187 75
48 76
49 76
50 76
187 76
188 76
47 77
48 77
188 77
189 77
46 78
47 78
189 78
190 78
191 78
44 79
45 79
46 79
191 79
192 79
43 80
44 80
192 80
193 80
42 81
43 81
193 81
194 81
41 82
42 82
194 82
195 82
40 83
41 83
195 83
196 83
39 84
40 84
196 84
197 84
38 85
39 85
197 85
198 85
37 86
38 86
198 86
199 86
36 87
37 87
199 87
200 87
35 88
36 88
200 88
201 88
34 89
35 89
201 89
202 89
33 90
34 90
202 90
203 90
32 91
33 91
203 91
31 92
32 92
203 92
204 92
30 93
31 93
204 93
205 93
30 94
205 94
206 94
29 95
30 95
206 95
28 96
29 96
206 96
207 96
27 97
28 97
207 97
208 97
27 98
208 98
209 98
26 99
27 99
209 99
25 100
26 100
209 100
210 100
25 101
210 101
24 102
25 102
210 102
211 102
23 103
24 103
211 103
212 103
23 104
212 104
22 105
23 105
212 105
213 105
22 106
213 106
21 107
22 107
213 107
214 107
21 108
214 108
20 109
21 109
214 109
215 109
20 110
215 110
19 111
20 111
215 111
216 111
19 112
216 112
18 113
19 113
216 113
217 113
18 114
217 114
17 115
18 115
217 115
17 116
217 116
218 116
16 117
17 117
218 117
16 118
218 118
16 119
218 119
219 119
15 120
16 120
219 120
15 121
219 121
15 122
219 122
220 122
14 123
15 123
220 123
14 124
220 124
14 125
220 125
221 125
13 126
14 126
221 126
13 127
221 127
13 128
221 128
13 129
221 129
222 129
12 130
13 130
222 130
12 131
222 131
12 132
222 132
12 133
222 133
12 134
222 134
223 134
11 135
12 135
223 135
11 136
223 136
11 137
223 137
11 138
223 138
11 139
223 139
11 140
223 140
11 141
223 141
224 141
10 142
11 142
224 142
10 143
224 143
10 144
224 144
10 145
224 145
10 146
224 146
10 147
224 147
10 148
224 148
10 149
224 149
10 150
224 150
10 151
224 151
10 152
224 152
10 153
224 153
10 154
224 154
10 155
224 155
10 156
224 156
10 157
224 157
10 158
224 158
10 159
223 159
224 159
10 160
11 160
223 160
11 161
223 161
11 162
223 162
11 163
223 163
11 164
223 164
11 165
223 165
11 166
222 166
223 166
11 167
12 167
222 167
12 168
222 168
12 169
222 169
12 170
222 170
12 171
221 171
222 171
12 172
13 172
221 172
13 173
221 173
13 174
221 174
13 175
220 175
221 175
13 176
14 176
220 176
14 177
220 177
14 178
219 178
220 178
14 179
15 179
219 179
15 180
219 180
15 181
218 181
219 181
15 182
16 182
218 182
16 183
218 183
16 184
217 184
218 184
16 185
17 185
217 185
17 186
217 186
17 187
18 187
216 187
217 187
18 188
216 188
18 189
19 189
215 189
216 189
19 190
215 190
19 191
20 191
214 191
215 191
20 192
214 192
20 193
21 193
213 193
214 193
21 194
213 194
21 195
22 195
212 195
213 195
22 196
212 196
22 197
23 197
211 197
212 197
23 198
210 198
211 198
23 199
24 199
210 199
24 200
25 200
209 200
210 200
25 201
209 201
25 202
26 202
208 202
209 202
26 203
27 203
207 203
208 203
27 204
206 204
207 204
27 205
28 205
206 205
28 206
29 206
205 206
206 206
29 207
30 207
204 207
205 207
30 208
203 208
204 208
30 209
31 209
203 209
31 210
32 210
202 210
203 210
32 211
33 211
201 211
202 211
33 212
34 212
200 212
201 212
34 213
35 213
199 213
200 213
35 214
36 214
198 214
199 214
36 215
37 215
197 215
198 215
37 216
38 216
196 216
197 216
38 217
39 217
195 217
196 217
39 218
40 218
194 218
195 218
40 219
41 219
193 219
194 219
41 220
42 220
192 220
193 220
42 221
43 221
191 221
192 221
43 222
44 222
189 222
190 222
191 222
44 223
45 223
46 223
188 223
189 223
46 224
47 224
187 224
188 224
47 225
48 225
186 225
187 225
48 226
49 226
50 226
184 226
185 226
186 226
50 227
51 227
183 227
184 227
51 228
52 228
53 228
181 228
182 228
183 228
53 229
54 229
179 229
180 229
181 229
54 230
55 230
56 230
178 230
179 230
56 231
57 231
58 231
176 231
177 231
178 231
58 232
59 232
60 232
174 232
175 232
176 232
60 233
61 233
62 233
172 233
173 233
174 233
62 234
63 234
64 234
170 234
171 234
172 234
64 235
65 235
66 235
167 235
168 235
169 235
170 235
66 236
67 236
68 236
165 236
166 236
167 236
68 237
69 237
70 237
71 237
162 237
163 237
164 237
165 237
71 238
72 238
73 238
74 238
159 238
160 238
161 238
162 238
74 239
75 239
76 239
77 239
155 239
156 239
157 239
158 239
159 239
77 240
78 240
79 240
80 240
81 240
151 240
152 240
153 240
154 240
155 240
81 241
82 241
83 241
84 241
85 241
86 241
118 241
119 241
120 241
121 241
122 241
123 241
124 241
125 241
126 241
144 241
145 241
146 241
147 241
148 241
149 241
150 241
151 241
86 242
87 242
88 242
89 242
90 242
91 242
92 242
93 242
111 242
112 242
113 242
114 242
115 242
116 242
117 242
118 242
126 242
127 242
128 242
129 242
130 242
131 242
132 242
133 242
134 242
135 242
136 242
137 242
138 242
139 242
140 242
141 242
142 242
143 242
144 242
93 243
94 243
95 243
96 243
97 243
98 243
99 243
100 243
101 243
102 243
103 243
104 243
105 243
106 243
107 243
108 243
109 243
110 243
111 243
