79 4
80 4
81 4
82 4
83 4
84 4
85 4
86 4
87 4
88 4
89 4
90 4
92 4
93 4
94 4
76 5
77 5
78 5
79 5
94 5
95 5
96 5
74 6
75 6
76 6
96 6
97 6
98 6
73 7
74 7
98 7
72 8
73 8
100 8
101 8
70 9
71 9
72 9
102 9
70 10
102 10
69 11
70 11
103 11
104 11
68 12
69 12
105 12
67 13
68 13
105 13
67 14
106 14
107 14
66 15
67 15
66 16
108 16
109 16
66 17
109 17
66 18
109 18
110 18
65 19
110 19
65 20
111 20
153 20
64 21
65 21
111 21
148 21
149 21
150 21
151 21
152 21
153 21
154 21
64 22
65 22
66 22
80 22
82 22
83 22
84 22
85 22
87 22
88 22
89 22
91 22
92 22
112 22
146 22
147 22
148 22
154 22
66 23
68 23
69 23
70 23
71 23
72 23
73 23
75 23
76 23
78 23
79 23
80 23
92 23
93 23
94 23
95 23
112 23
143 23
144 23
145 23
146 23
149 23
150 23
152 23
154 23
155 23
95 24
112 24
113 24
142 24
143 24
147 24
148 24
149 24
84 25
85 25
86 25
87 25
88 25
90 25
91 25
92 25
93 25
94 25
95 25
113 25
141 25
142 25
144 25
145 25
146 25
80 26
82 26
83 26
113 26
114 26
136 26
137 26
139 26
143 26
144 26
78 27
79 27
80 27
135 27
136 27
140 27
142 27
143 27
77 28
134 28
135 28
139 28
140 28
76 29
77 29
114 29
115 29
132 29
133 29
134 29
137 29
138 29
139 29
75 30
115 30
130 30
131 30
132 30
136 30
137 30
74 31
75 31
127 31
128 31
129 31
130 31
134 31
136 31
73 32
74 32
115 32
126 32
127 32
134 32
71 33
72 33
115 33
116 33
125 33
126 33
133 33
71 34
116 34
124 34
131 34
132 34
133 34
71 35
130 35
131 35
69 36
70 36
116 36
122 36
123 36
129 36
130 36
69 37
116 37
122 37
128 37
129 37
69 38
116 38
121 38
122 38
127 38
128 38
68 39
116 39
120 39
121 39
127 39
68 40
116 40
126 40
127 40
68 41
116 41
119 41
120 41
125 41
126 41
106 42
108 42
109 42
111 42
116 42
118 42
119 42
124 42
125 42
67 43
102 43
103 43
104 43
105 43
106 43
111 43
112 43
116 43
118 43
123 43
124 43
100 44
112 44
118 44
123 44
67 45
99 45
100 45
112 45
116 45
117 45
118 45
122 45
123 45
67 46
98 46
99 46
112 46
122 46
67 47
96 47
97 47
112 47
121 47
122 47
67 48
68 48
69 48
94 48
95 48
112 48
70 49
94 49
112 49
121 49
70 50
71 50
93 50
112 50
121 50
73 51
75 51
76 51
90 51
91 51
112 51
121 51
76 52
77 52
78 52
79 52
80 52
81 52
82 52
83 52
84 52
86 52
87 52
90 52
121 52
121 53
121 54
113 55
113 56
121 57
136 57
137 57
139 57
141 57
142 57
143 57
144 57
145 57
147 57
148 57
149 57
150 57
151 57
152 57
153 57
154 57
113 58
121 58
130 58
132 58
133 58
134 58
135 58
136 58
154 58
155 58
157 58
158 58
159 58
92 59
93 59
94 59
95 59
96 59
97 59
98 59
100 59
101 59
102 59
105 59
106 59
107 59
108 59
109 59
113 59
121 59
125 59
126 59
128 59
129 59
130 59
160 59
161 59
162 59
164 59
165 59
86 60
87 60
88 60
89 60
90 60
91 60
110 60
111 60
121 60
124 60
125 60
165 60
166 60
167 60
168 60
81 61
82 61
83 61
84 61
85 61
86 61
170 61
171 61
172 61
77 62
78 62
79 62
80 62
81 62
172 62
173 62
174 62
74 63
75 63
77 63
175 63
176 63
177 63
71 64
72 64
73 64
74 64
177 64
178 64
179 64
69 65
71 65
179 65
180 65
181 65
67 66
68 66
69 66
181 66
182 66
183 66
64 67
65 67
66 67
67 67
183 67
184 67
185 67
62 68
63 68
64 68
185 68
62 69
187 69
188 69
189 69
59 70
61 70
189 70
57 71
58 71
190 71
56 72
57 72
192 72
193 72
54 73
55 73
193 73
194 73
53 74
54 74
196 74
51 75
52 75
196 75
197 75
50 76
51 76
197 76
198 77
199 77
200 77
47 78
48 78
200 78
201 78
47 79
201 79
202 79
45 80
46 80
202 80
203 80
44 81
45 81
203 81
204 81
43 82
44 82
204 82
205 82
42 83
205 83
206 83
41 84
42 84
206 84
40 85
41 85
208 85
39 86
40 86
208 86
209 86
38 87
39 87
209 87
210 87
37 88
38 88
210 88
36 89
211 89
35 90
36 90
211 90
212 90
34 91
213 91
34 92
213 92
33 93
34 93
213 93
214 93
32 94
33 94
214 94
31 95
32 95
215 95
216 95
31 96
216 96
31 97
217 97
30 98
217 98
29 99
218 99
28 100
29 100
218 100
219 100
27 101
219 101
27 102
219 102
220 102
26 103
27 103
220 103
26 104
220 104
221 104
25 105
26 105
221 105
25 106
222 106
24 107
25 107
222 107
24 108
222 108
223 108
23 109
223 109
23 110
223 110
224 110
22 111
22 112
224 112
225 112
21 113
225 113
21 114
225 114
20 115
225 115
226 115
20 116
226 117
19 118
20 118
226 118
227 118
19 119
19 120
227 120
18 121
19 121
227 121
228 121
18 122
228 122
18 123
228 123
17 124
18 124
228 124
17 125
228 125
229 125
229 126
17 127
229 127
17 128
16 129
229 129
16 130
229 130
230 130
16 131
230 131
16 132
230 132
16 133
230 133
15 135
230 135
15 136
230 136
15 137
230 137
231 137
15 138
231 138
15 139
231 139
14 140
15 140
231 140
231 141
231 142
14 143
231 143
14 144
14 146
231 146
14 147
231 147
14 148
231 148
14 149
231 149
14 150
231 150
14 151
231 151
14 152
231 152
14 153
231 153
231 154
14 155
230 155
231 155
230 156
14 157
230 157
15 158
15 159
230 159
15 160
230 160
15 161
230 161
229 162
230 162
15 163
229 163
15 164
229 164
15 165
16 165
229 165
16 166
229 166
16 167
228 167
229 167
16 168
228 168
16 169
228 169
16 170
17 170
228 170
17 171
227 171
228 171
17 172
227 172
17 173
227 173
17 174
18 174
226 174
227 174
18 175
226 175
18 176
226 176
18 177
19 177
225 177
226 177
19 178
225 178
19 179
225 179
19 180
20 180
224 180
225 180
20 181
224 181
20 182
224 182
20 183
21 183
223 183
21 184
222 184
223 184
21 185
22 185
222 185
221 186
222 186
22 187
23 187
221 187
23 188
220 188
23 189
220 189
23 190
24 190
219 190
220 190
24 191
25 191
219 191
25 192
218 192
219 192
25 193
26 193
218 193
26 194
218 194
26 195
27 195
216 195
217 195
27 196
216 196
28 197
215 197
216 197
29 199
213 199
214 199
30 200
30 201
212 201
213 201
31 202
211 202
212 202
32 203
211 203
32 204
33 204
210 204
34 205
209 205
210 205
34 206
208 206
209 206
35 207
36 208
206 208
207 208
36 209
37 209
205 209
206 209
37 210
38 210
204 210
205 210
38 211
39 211
203 211
204 211
40 212
202 212
40 213
201 213
202 213
41 214
42 214
200 214
201 214
42 215
43 215
198 215
199 215
43 216
44 216
197 216
197 217
45 218
46 218
195 218
196 218
46 219
47 219
193 219
195 219
47 220
48 220
192 220
193 220
48 221
49 221
50 221
190 221
191 221
192 221
50 222
51 222
189 222
190 222
51 223
53 223
187 223
188 223
189 223
53 224
185 224
186 224
187 224
54 225
55 225
56 225
183 225
184 225
185 225
56 226
181 226
182 226
183 226
57 227
58 227
59 227
179 227
180 227
59 228
61 228
177 228
178 228
179 228
61 229
175 229
176 229
177 229
62 230
63 230
64 230
172 230
174 230
64 231
66 231
67 231
168 231
169 231
170 231
171 231
172 231
67 232
69 232
165 232
166 232
167 232
168 232
69 233
161 233
162 233
163 233
164 233
165 233
71 234
72 234
73 234
74 234
128 234
130 234
131 234
132 234
133 234
134 234
135 234
136 234
154 234
156 234
158 234
159 234
160 234
74 235
75 235
76 235
77 235
125 235
126 235
127 235
128 235
136 235
137 235
138 235
139 235
140 235
141 235
142 235
143 235
144 235
146 235
147 235
149 235
150 235
152 235
153 235
154 235
79 236
80 236
81 236
123 236
81 237
82 237
83 237
84 237
85 237
116 237
117 237
118 237
119 237
120 237
121 237
86 238
87 238
88 238
89 238
90 238
91 238
92 238
110 238
112 238
113 238
114 238
115 238
116 238
92 239
93 239
94 239
95 239
96 239
97 239
98 239
100 239
101 239
103 239
104 239
105 239
106 239
108 239
109 239
110 239
