58 12
59 12
60 12
61 12
62 12
64 12
65 12
66 12
67 12
68 12
69 12
70 12
71 12
72 12
73 12
74 12
75 12
54 13
55 13
56 13
58 13
75 13
76 13
77 13
78 13
79 13
52 14
53 14
54 14
79 14
80 14
81 14
82 14
50 15
51 15
52 15
49 16
50 16
83 16
85 16
47 17
48 17
49 17
85 17
86 17
87 17
88 17
46 18
47 18
88 18
89 18
90 18
45 19
46 19
90 19
92 19
44 20
93 20
43 21
44 21
93 21
94 21
43 22
95 22
96 22
43 23
96 23
97 23
43 24
97 24
98 24
43 25
98 25
99 25
99 26
44 27
45 27
101 27
102 27
45 28
103 28
45 29
46 29
103 29
46 30
47 30
103 30
104 30
104 31
47 32
104 32
105 32
49 33
106 33
49 34
106 34
107 34
132 34
133 34
135 34
136 34
137 34
138 34
140 34
141 34
142 34
143 34
144 34
145 34
146 34
147 34
148 34
149 34
150 34
151 34
152 34
153 34
154 34
155 34
49 35
50 35
107 35
128 35
129 35
130 35
131 35
132 35
157 35
158 35
159 35
160 35
161 35
50 36
51 36
107 36
125 36
126 36
127 36
128 36
161 36
162 36
163 36
108 37
109 37
123 37
124 37
125 37
137 37
138 37
139 37
141 37
143 37
144 37
145 37
147 37
148 37
149 37
150 37
151 37
152 37
164 37
165 37
51 38
52 38
109 38
122 38
123 38
132 38
133 38
134 38
135 38
136 38
137 38
152 38
153 38
155 38
156 38
157 38
158 38
159 38
166 38
52 39
53 39
121 39
122 39
127 39
128 39
130 39
131 39
132 39
160 39
161 39
162 39
163 39
164 39
165 39
53 40
54 40
110 40
121 40
125 40
126 40
127 40
165 40
54 41
55 41
110 41
111 41
119 41
120 41
123 41
124 41
125 41
57 42
111 42
118 42
122 42
123 42
57 43
111 43
117 43
118 43
121 43
58 44
111 44
117 44
121 44
60 45
61 45
111 45
116 45
117 45
120 45
121 45
111 46
112 46
116 46
120 46
63 47
64 47
65 47
112 47
115 47
116 47
120 47
67 48
68 48
69 48
70 48
112 48
115 48
120 48
70 49
71 49
72 49
74 49
75 49
77 49
78 49
79 49
80 49
81 49
112 49
115 49
81 50
83 50
84 50
85 50
86 50
87 50
88 50
89 50
90 50
112 50
114 50
115 50
119 50
90 51
91 51
92 51
93 51
112 51
114 51
119 51
93 52
94 52
95 52
97 52
98 52
99 52
112 52
113 52
114 52
119 52
99 53
100 53
101 53
119 53
101 54
103 54
104 54
119 54
104 55
105 55
106 55
107 55
108 55
119 55
108 56
111 56
119 56
111 57
112 57
113 57
119 57
113 58
114 58
119 58
135 58
136 58
138 58
139 58
140 58
141 58
142 58
143 58
144 58
145 58
146 58
147 58
149 58
150 58
151 58
152 58
153 58
114 59
128 59
129 59
130 59
131 59
132 59
133 59
134 59
135 59
153 59
155 59
156 59
157 59
158 59
159 59
160 59
94 60
95 60
96 60
97 60
98 60
99 60
100 60
101 60
102 60
103 60
104 60
105 60
107 60
108 60
109 60
110 60
112 60
114 60
119 60
124 60
125 60
126 60
127 60
128 60
160 60
161 60
162 60
163 60
88 61
90 61
91 61
92 61
93 61
113 61
114 61
119 61
122 61
123 61
124 61
165 61
166 61
167 61
168 61
83 62
84 62
85 62
86 62
88 62
168 62
169 62
170 62
171 62
81 63
82 63
83 63
171 63
174 63
76 64
77 64
78 64
79 64
80 64
174 64
175 64
176 64
74 65
75 65
176 65
177 65
178 65
179 65
71 66
72 66
73 66
74 66
179 66
180 66
181 66
69 67
70 67
71 67
181 67
182 67
183 67
68 68
69 68
183 68
184 68
185 68
66 69
67 69
185 69
186 69
187 69
63 70
65 70
187 70
188 70
61 71
63 71
188 71
189 71
190 71
59 72
60 72
61 72
190 72
191 72
192 72
58 73
59 73
192 73
193 73
56 74
58 74
193 74
194 74
55 75
56 75
53 76
55 76
196 76
197 76
52 77
53 77
197 77
198 77
51 78
52 78
198 78
199 78
200 78
49 79
50 79
200 79
201 79
48 80
49 80
201 80
202 80
47 81
202 81
203 81
46 82
47 82
203 82
204 82
45 83
46 83
204 83
205 83
44 84
45 84
205 84
206 84
43 85
44 85
206 85
207 85
42 86
43 86
207 86
208 86
41 87
42 87
208 87
40 88
41 88
209 88
210 88
39 89
40 89
210 89
211 89
38 90
39 90
212 90
37 91
212 91
36 92
37 92
212 92
213 92
36 93
213 93
214 93
35 94
36 94
214 94
215 94
34 95
35 95
33 96
34 96
215 96
216 96
33 97
216 97
217 97
32 98
33 98
217 98
31 99
32 99
218 99
31 100
218 100
219 100
30 101
219 101
29 102
30 102
219 102
29 103
220 103
28 104
29 104
221 104
28 105
222 105
27 106
28 106
222 106
26 107
27 107
222 107
223 107
26 108
223 108
25 109
26 109
223 109
224 109
25 110
224 110
24 111
225 112
24 113
225 113
23 114
24 114
226 114
226 115
22 116
23 116
226 116
227 116
227 117
227 118
21 119
227 119
228 119
21 120
228 120
20 121
21 121
228 121
228 122
20 123
19 124
20 124
229 124
19 125
229 125
230 125
230 126
18 127
19 127
230 127
230 128
230 129
231 129
18 130
231 130
17 131
18 131
231 131
17 132
17 133
231 133
17 134
17 135
232 135
17 136
16 137
232 137
16 138
16 140
232 140
16 141
232 141
233 141
16 142
233 142
16 143
233 143
15 144
16 144
15 145
233 145
15 146
233 146
15 147
233 147
15 149
233 149
15 150
233 150
15 151
15 153
233 153
15 154
15 156
233 156
15 157
233 157
15 158
233 158
232 159
233 159
232 160
15 161
15 162
16 162
16 163
232 163
16 164
232 164
16 165
232 165
16 167
231 167
16 168
231 168
16 169
231 169
16 170
17 170
231 170
17 171
230 171
231 171
17 172
230 172
17 173
230 173
17 174
230 174
17 175
18 175
229 175
230 175
18 176
18 177
229 177
18 178
228 178
229 178
228 179
19 180
228 180
19 181
227 181
228 181
19 182
20 182
227 182
20 183
227 183
20 184
227 184
20 185
21 186
226 186
21 187
225 187
22 188
225 188
22 189
224 189
225 189
23 190
224 190
23 191
223 191
24 192
223 192
24 193
222 193
223 193
24 194
222 194
24 195
25 195
221 195
222 195
25 196
221 196
25 197
26 197
220 197
221 197
26 198
219 198
26 199
27 199
219 199
28 200
219 200
218 201
28 202
217 202
218 202
29 203
216 203
217 203
29 204
30 204
215 204
216 204
30 205
31 205
215 205
215 206
31 207
32 207
213 207
214 207
32 208
33 208
213 208
212 209
33 210
34 210
211 210
212 210
35 211
210 211
211 211
35 212
36 212
209 212
210 212
36 213
208 213
209 213
36 214
37 214
208 214
37 215
38 215
206 215
207 215
38 216
39 216
205 216
40 217
204 217
205 217
40 218
41 218
203 218
204 218
41 219
42 219
202 219
203 219
42 220
43 220
201 220
202 220
43 221
44 221
200 221
201 221
44 222
45 222
198 222
199 222
46 223
197 223
198 223
46 224
196 224
197 224
48 225
195 225
196 225
48 226
49 226
193 226
194 226
195 226
49 227
50 227
192 227
51 228
52 228
190 228
191 228
192 228
52 229
53 229
188 229
189 229
190 229
53 230
55 230
188 230
186 231
187 231
56 232
58 232
183 232
184 232
185 232
58 233
59 233
181 233
182 233
183 233
59 234
60 234
61 234
179 234
180 234
61 235
62 235
63 235
176 235
177 235
178 235
179 235
63 236
65 236
174 236
175 236
176 236
65 237
66 237
171 237
172 237
173 237
67 238
68 238
69 238
168 238
169 238
170 238
171 238
69 239
70 239
71 239
164 239
165 239
166 239
167 239
168 239
71 240
72 240
74 240
161 240
162 240
163 240
164 240
75 241
76 241
130 241
131 241
132 241
135 241
153 241
154 241
155 241
156 241
157 241
159 241
160 241
76 242
78 242
79 242
80 242
126 242
128 242
129 242
130 242
136 242
137 242
138 242
140 242
141 242
142 242
143 242
144 242
145 242
146 242
148 242
149 242
151 242
152 242
153 242
80 243
81 243
83 243
123 243
124 243
125 243
126 243
83 244
84 244
85 244
86 244
87 244
88 244
118 244
119 244
120 244
121 244
122 244
88 245
89 245
90 245
91 245
93 245
94 245
112 245
113 245
114 245
115 245
116 245
117 245
118 245
94 246
95 246
96 246
98 246
99 246
100 246
101 246
102 246
103 246
105 246
106 246
107 246
108 246
109 246
110 246
111 246
112 246
