79 37
80 37
81 37
82 37
83 37
84 37
85 37
86 37
87 37
76 38
77 38
78 38
79 38
87 38
88 38
89 38
90 38
75 39
76 39
90 39
91 39
92 39
93 39
109 39
110 39
111 39
74 40
75 40
93 40
94 40
95 40
109 40
111 40
74 41
95 41
96 41
109 41
111 41
112 41
74 42
96 42
97 42
109 42
112 42
74 43
97 43
98 43
109 43
110 43
112 43
74 44
98 44
99 44
110 44
112 44
74 45
75 45
99 45
100 45
110 45
112 45
113 45
75 46
100 46
101 46
110 46
113 46
75 47
76 47
101 47
102 47
110 47
113 47
76 48
102 48
103 48
110 48
113 48
76 49
77 49
103 49
110 49
111 49
113 49
77 50
103 50
104 50
111 50
113 50
77 51
78 51
104 51
111 51
113 51
114 51
78 52
104 52
105 52
111 52
114 52
78 53
79 53
105 53
106 53
111 53
114 53
79 54
80 54
106 54
111 54
114 54
80 55
81 55
106 55
107 55
111 55
114 55
81 56
82 56
107 56
111 56
114 56
82 57
83 57
107 57
108 57
111 57
114 57
83 58
84 58
85 58
108 58
111 58
114 58
85 59
86 59
87 59
108 59
109 59
111 59
114 59
87 60
88 60
109 60
111 60
114 60
88 61
89 61
90 61
109 61
111 61
114 61
90 62
91 62
92 62
93 62
109 62
110 62
111 62
114 62
93 63
94 63
95 63
96 63
97 63
98 63
114 63
98 64
99 64
100 64
101 64
102 64
103 64
114 64
103 65
114 65
91 66
92 66
93 66
94 66
95 66
96 66
97 66
98 66
99 66
100 66
101 66
102 66
103 66
114 66
115 66
116 66
117 66
118 66
119 66
120 66
121 66
122 66
123 66
124 66
125 66
126 66
127 66
128 66
129 66
130 66
131 66
132 66
133 66
134 66
135 66
83 67
84 67
85 67
86 67
87 67
88 67
89 67
90 67
91 67
135 67
136 67
137 67
138 67
139 67
140 67
141 67
142 67
143 67
78 68
79 68
80 68
81 68
82 68
83 68
143 68
144 68
145 68
146 68
147 68
148 68
74 69
75 69
76 69
77 69
78 69
148 69
149 69
150 69
151 69
152 69
70 70
71 70
72 70
73 70
74 70
152 70
153 70
154 70
155 70
156 70
67 71
68 71
69 71
70 71
156 71
157 71
158 71
159 71
64 72
65 72
66 72
67 72
159 72
160 72
161 72
162 72
62 73
63 73
64 73
162 73
163 73
164 73
59 74
60 74
61 74
62 74
164 74
165 74
166 74
167 74
57 75
58 75
59 75
167 75
168 75
169 75
55 76
56 76
57 76
169 76
170 76
171 76
53 77
54 77
55 77
171 77
172 77
173 77
51 78
52 78
53 78
173 78
174 78
175 78
49 79
50 79
51 79
175 79
176 79
177 79
47 80
48 80
49 80
177 80
178 80
179 80
46 81
47 81
179 81
180 81
44 82
45 82
46 82
180 82
181 82
182 82
42 83
43 83
44 83
182 83
183 83
184 83
41 84
42 84
184 84
185 84
40 85
41 85
185 85
186 85
38 86
39 86
40 86
186 86
187 86
188 86
37 87
38 87
188 87
189 87
36 88
37 88
189 88
190 88
34 89
35 89
36 89
190 89
191 89
192 89
33 90
34 90
192 90
193 90
32 91
33 91
193 91
194 91
31 92
32 92
194 92
195 92
30 93
31 93
195 93
196 93
29 94
30 94
196 94
197 94
28 95
29 95
197 95
198 95
27 96
28 96
198 96
199 96
26 97
27 97
199 97
200 97
25 98
26 98
200 98
201 98
24 99
25 99
201 99
202 99
23 100
24 100
202 100
203 100
22 101
23 101
203 101
204 101
22 102
204 102
21 103
22 103
204 103
205 103
20 104
21 104
205 104
206 104
19 105
20 105
206 105
207 105
19 106
207 106
18 107
19 107
207 107
208 107
17 108
18 108
208 108
209 108
17 109
209 109
16 110
17 110
209 110
210 110
15 111
16 111
210 111
211 111
15 112
211 112
14 113
15 113
211 113
212 113
14 114
212 114
13 115
14 115
212 115
213 115
13 116
213 116
12 117
13 117
213 117
214 117
12 118
214 118
11 119
12 119
214 119
215 119
11 120
215 120
10 121
11 121
215 121
216 121
10 122
216 122
9 123
10 123
216 123
217 123
9 124
217 124
9 125
217 125
8 126
9 126
217 126
218 126
8 127
218 127
8 128
218 128
7 129
8 129
218 129
219 129
7 130
219 130
7 131
219 131
6 132
7 132
219 132
220 132
6 133
220 133
6 134
220 134
6 135
220 135
6 136
220 136
5 137
6 137
220 137
221 137
5 138
221 138
5 139
221 139
5 140
221 140
5 141
221 141
5 142
221 142
4 143
5 143
221 143
222 143
4 144
222 144
4 145
222 145
4 146
222 146
4 147
222 147
4 148
222 148
4 149
222 149
4 150
222 150
4 151
222 151
4 152
222 152
4 153
222 153
4 154
222 154
4 155
222 155
4 156
222 156
4 157
222 157
4 158
222 158
4 159
5 159
221 159
222 159
5 160
221 160
5 161
221 161
5 162
221 162
5 163
221 163
5 164
221 164
5 165
6 165
220 165
221 165
6 166
220 166
6 167
220 167
6 168
220 168
6 169
220 169
6 170
7 170
219 170
220 170
7 171
219 171
7 172
219 172
7 173
8 173
218 173
219 173
8 174
218 174
8 175
218 175
8 176
9 176
217 176
218 176
9 177
217 177
9 178
217 178
9 179
10 179
216 179
217 179
10 180
216 180
10 181
11 181
215 181
216 181
11 182
215 182
11 183
12 183
214 183
215 183
12 184
214 184
12 185
13 185
213 185
214 185
13 186
213 186
13 187
14 187
212 187
213 187
14 188
212 188
14 189
15 189
211 189
212 189
15 190
211 190
15 191
16 191
210 191
211 191
16 192
17 192
209 192
210 192
17 193
209 193
17 194
18 194
208 194
209 194
18 195
19 195
207 195
208 195
19 196
207 196
19 197
20 197
206 197
207 197
20 198
21 198
205 198
206 198
21 199
22 199
204 199
205 199
22 200
204 200
22 201
23 201
203 201
204 201
23 202
24 202
202 202
203 202
24 203
25 203
201 203
202 203
25 204
26 204
200 204
201 204
26 205
27 205
199 205
200 205
27 206
28 206
198 206
199 206
28 207
29 207
197 207
198 207
29 208
30 208
196 208
197 208
30 209
31 209
195 209
196 209
31 210
32 210
194 210
195 210
32 211
33 211
193 211
194 211
33 212
34 212
192 212
193 212
34 213
35 213
36 213
190 213
191 213
192 213
36 214
37 214
189 214
190 214
37 215
38 215
188 215
189 215
38 216
39 216
40 216
186 216
187 216
188 216
40 217
41 217
185 217
186 217
41 218
42 218
184 218
185 218
42 219
43 219
44 219
182 219
183 219
184 219
44 220
45 220
46 220
180 220
181 220
182 220
46 221
47 221
179 221
180 221
47 222
48 222
49 222
177 222
178 222
179 222
49 223
50 223
51 223
175 223
176 223
177 223
51 224
52 224
53 224
173 224
174 224
175 224
53 225
54 225
55 225
171 225
172 225
173 225
55 226
56 226
57 226
169 226
170 226
171 226
57 227
58 227
59 227
167 227
168 227
169 227
59 228
60 228
61 228
62 228
164 228
165 228
166 228
167 228
62 229
63 229
64 229
162 229
163 229
164 229
64 230
65 230
66 230
67 230
159 230
160 230
161 230
162 230
67 231
68 231
69 231
70 231
156 231
157 231
158 231
159 231
70 232
71 232
72 232
73 232
74 232
152 232
153 232
154 232
155 232
156 232
74 233
75 233
76 233
77 233
78 233
148 233
149 233
150 233
151 233
152 233
78 234
79 234
80 234
81 234
82 234
83 234
143 234
144 234
145 234
146 234
147 234
148 234
83 235
84 235
85 235
86 235
87 235
88 235
89 235
90 235
91 235
111 235
112 235
113 235
114 235
115 235
135 235
136 235
137 235
138 235
139 235
140 235
141 235
142 235
143 235
91 236
92 236
93 236
94 236
95 236
96 236
97 236
98 236
99 236
100 236
101 236
102 236
103 236
104 236
105 236
106 236
107 236
108 236
109 236
110 236
111 236
115 236
116 236
117 236
118 236
119 236
120 236
121 236
122 236
123 236
124 236
125 236
126 236
127 236
128 236
129 236
130 236
131 236
132 236
133 236
134 236
135 236
