81 3
82 3
83 3
84 3
85 3
86 3
87 3
88 3
89 3
90 3
91 3
92 3
93 3
94 3
95 3
96 3
80 4
81 4
96 4
97 4
98 4
99 4
100 4
79 5
80 5
100 5
101 5
79 6
101 6
102 6
103 6
79 7
80 7
103 7
104 7
80 8
81 8
104 8
105 8
81 9
82 9
105 9
106 9
82 10
106 10
107 10
82 11
83 11
107 11
108 11
124 11
125 11
126 11
127 11
128 11
129 11
130 11
131 11
132 11
133 11
134 11
135 11
83 12
108 12
120 12
121 12
122 12
123 12
124 12
135 12
83 13
108 13
109 13
118 13
119 13
120 13
124 13
125 13
126 13
127 13
128 13
129 13
130 13
131 13
132 13
133 13
134 13
135 13
83 14
84 14
109 14
116 14
117 14
118 14
122 14
123 14
124 14
84 15
85 15
109 15
115 15
116 15
120 15
121 15
122 15
85 16
86 16
109 16
110 16
114 16
115 16
119 16
120 16
86 17
110 17
113 17
114 17
119 17
86 18
87 18
110 18
111 18
112 18
113 18
118 18
119 18
87 19
88 19
118 19
88 20
89 20
90 20
118 20
90 21
91 21
92 21
93 21
118 21
93 22
94 22
95 22
96 22
118 22
128 22
129 22
130 22
131 22
132 22
133 22
134 22
135 22
136 22
137 22
138 22
139 22
140 22
141 22
142 22
143 22
144 22
96 23
118 23
121 23
122 23
123 23
124 23
125 23
126 23
127 23
128 23
144 23
145 23
146 23
147 23
148 23
149 23
150 23
151 23
92 24
93 24
94 24
95 24
96 24
118 24
119 24
120 24
121 24
151 24
152 24
153 24
154 24
155 24
86 25
87 25
88 25
89 25
90 25
91 25
92 25
155 25
156 25
157 25
158 25
159 25
81 26
82 26
83 26
84 26
85 26
86 26
159 26
160 26
161 26
162 26
78 27
79 27
80 27
81 27
162 27
163 27
164 27
75 28
76 28
77 28
78 28
164 28
165 28
166 28
167 28
72 29
73 29
74 29
75 29
167 29
168 29
169 29
69 30
70 30
71 30
72 30
169 30
170 30
171 30
67 31
68 31
69 31
171 31
172 31
173 31
65 32
66 32
67 32
173 32
174 32
175 32
63 33
64 33
65 33
175 33
176 33
177 33
61 34
62 34
63 34
177 34
178 34
59 35
60 35
61 35
178 35
179 35
180 35
58 36
59 36
180 36
181 36
56 37
57 37
58 37
181 37
182 37
183 37
55 38
56 38
183 38
184 38
53 39
54 39
55 39
184 39
185 39
186 39
52 40
53 40
186 40
187 40
50 41
51 41
52 41
187 41
188 41
49 42
50 42
188 42
189 42
48 43
49 43
189 43
190 43
47 44
48 44
190 44
191 44
45 45
46 45
47 45
191 45
192 45
44 46
45 46
192 46
193 46
194 46
43 47
44 47
194 47
195 47
42 48
43 48
195 48
41 49
42 49
195 49
196 49
40 50
41 50
196 50
197 50
39 51
40 51
197 51
198 51
38 52
39 52
198 52
199 52
37 53
38 53
199 53
200 53
36 54
37 54
200 54
201 54
36 55
201 55
202 55
35 56
36 56
202 56
34 57
35 57
202 57
203 57
33 58
34 58
203 58
204 58
32 59
33 59
204 59
32 60
204 60
205 60
31 61
32 61
205 61
206 61
30 62
31 62
206 62
30 63
206 63
207 63
29 64
30 64
207 64
208 64
28 65
29 65
208 65
28 66
208 66
209 66
27 67
28 67
209 67
210 67
26 68
27 68
210 68
26 69
210 69
211 69
25 70
26 70
211 70
25 71
211 71
212 71
24 72
25 72
212 72
24 73
212 73
213 73
23 74
24 74
213 74
23 75
213 75
214 75
22 76
23 76
214 76
22 77
214 77
21 78
22 78
214 78
215 78
21 79
215 79
20 80
21 80
215 80
216 80
20 81
216 81
19 82
20 82
216 82
19 83
216 83
217 83
19 84
217 84
18 85
19 85
217 85
218 85
18 86
218 86
18 87
218 87
17 88
18 88
218 88
17 89
218 89
219 89
17 90
219 90
16 91
17 91
219 91
16 92
219 92
220 92
16 93
220 93
16 94
220 94
15 95
16 95
220 95
15 96
220 96
221 96
15 97
221 97
15 98
221 98
14 99
15 99
221 99
14 100
221 100
14 101
221 101
14 102
221 102
222 102
14 103
222 103
13 104
14 104
222 104
13 105
222 105
13 106
222 106
13 107
222 107
13 108
222 108
13 109
222 109
223 109
13 110
223 110
12 111
13 111
223 111
12 112
223 112
12 113
223 113
12 114
223 114
12 115
223 115
12 116
223 116
12 117
223 117
12 118
223 118
12 119
223 119
12 120
223 120
12 121
223 121
12 122
223 122
12 123
223 123
12 124
223 124
12 125
223 125
12 126
223 126
12 127
223 127
12 128
223 128
12 129
222 129
223 129
12 130
222 130
12 131
13 131
222 131
13 132
222 132
13 133
222 133
13 134
222 134
13 135
222 135
13 136
221 136
222 136
13 137
221 137
13 138
14 138
221 138
14 139
221 139
14 140
221 140
14 141
221 141
14 142
220 142
221 142
14 143
15 143
220 143
15 144
220 144
15 145
220 145
15 146
219 146
220 146
15 147
16 147
219 147
16 148
219 148
16 149
218 149
219 149
16 150
218 150
16 151
17 151
218 151
17 152
218 152
17 153
217 153
218 153
17 154
18 154
217 154
18 155
216 155
217 155
18 156
216 156
18 157
19 157
216 157
19 158
215 158
216 158
19 159
215 159
19 160
20 160
214 160
215 160
20 161
214 161
20 162
21 162
214 162
21 163
213 163
214 163
21 164
22 164
213 164
22 165
212 165
213 165
22 166
23 166
212 166
23 167
211 167
212 167
23 168
24 168
211 168
24 169
210 169
211 169
24 170
25 170
210 170
25 171
209 171
210 171
25 172
26 172
208 172
209 172
26 173
208 173
26 174
27 174
207 174
208 174
27 175
28 175
206 175
207 175
28 176
206 176
28 177
29 177
205 177
206 177
29 178
30 178
204 178
205 178
30 179
204 179
30 180
31 180
203 180
204 180
31 181
32 181
202 181
203 181
32 182
202 182
32 183
33 183
201 183
202 183
33 184
34 184
200 184
201 184
34 185
35 185
199 185
200 185
35 186
36 186
198 186
199 186
36 187
197 187
198 187
36 188
37 188
196 188
197 188
37 189
38 189
195 189
196 189
38 190
39 190
195 190
39 191
40 191
194 191
195 191
40 192
41 192
192 192
193 192
194 192
41 193
42 193
191 193
192 193
42 194
43 194
190 194
191 194
43 195
44 195
189 195
190 195
44 196
45 196
188 196
189 196
45 197
46 197
47 197
187 197
188 197
47 198
48 198
186 198
187 198
48 199
49 199
184 199
185 199
186 199
49 200
50 200
183 200
184 200
50 201
51 201
52 201
181 201
182 201
183 201
52 202
53 202
180 202
181 202
53 203
54 203
55 203
178 203
179 203
180 203
55 204
56 204
177 204
178 204
56 205
57 205
58 205
175 205
176 205
177 205
58 206
59 206
173 206
174 206
175 206
59 207
60 207
61 207
171 207
172 207
173 207
61 208
62 208
63 208
169 208
170 208
171 208
63 209
64 209
65 209
167 209
168 209
169 209
65 210
66 210
67 210
164 210
165 210
166 210
167 210
67 211
68 211
69 211
162 211
163 211
164 211
69 212
70 212
71 212
72 212
159 212
160 212
161 212
162 212
72 213
73 213
74 213
75 213
155 213
156 213
157 213
158 213
159 213
75 214
76 214
77 214
78 214
151 214
152 214
153 214
154 214
155 214
78 215
79 215
80 215
81 215
121 215
122 215
123 215
124 215
125 215
126 215
127 215
128 215
144 215
145 215
146 215
147 215
148 215
149 215
150 215
151 215
81 216
82 216
83 216
84 216
85 216
86 216
116 216
117 216
118 216
119 216
120 216
121 216
128 216
129 216
130 216
131 216
132 216
133 216
134 216
135 216
136 216
137 216
138 216
139 216
140 216
141 216
142 216
143 216
144 216
86 217
87 217
88 217
89 217
90 217
91 217
92 217
110 217
111 217
112 217
113 217
114 217
115 217
116 217
92 218
93 218
94 218
95 218
96 218
97 218
98 218
99 218
100 218
101 218
102 218
103 218
104 218
105 218
106 218
107 218
108 218
109 218
110 218
