75 17
76 17
77 17
78 17
79 17
80 17
74 18
75 18
80 18
81 18
82 18
73 19
74 19
82 19
83 19
84 19
85 19
73 20
85 20
86 20
87 20
73 21
87 21
88 21
89 21
73 22
89 22
90 22
73 23
90 23
91 23
92 23
73 24
92 24
93 24
73 25
93 25
94 25
73 26
95 26
96 26
138 26
139 26
140 26
141 26
142 26
143 26
144 26
145 26
146 26
147 26
148 26
149 26
150 26
151 26
73 27
96 27
97 27
136 27
137 27
138 27
144 27
145 27
146 27
147 27
148 27
149 27
73 28
97 28
98 28
133 28
134 28
135 28
136 28
141 28
142 28
143 28
144 28
73 29
74 29
98 29
99 29
131 29
132 29
133 29
138 29
139 29
140 29
141 29
74 30
99 30
100 30
129 30
130 30
131 30
136 30
137 30
138 30
75 31
100 31
101 31
129 31
135 31
136 31
75 32
101 32
102 32
127 32
128 32
133 32
134 32
135 32
75 33
102 33
103 33
104 33
125 33
126 33
127 33
133 33
75 34
76 34
104 34
105 34
124 34
125 34
131 34
132 34
133 34
76 35
77 35
105 35
106 35
124 35
130 35
131 35
77 36
78 36
106 36
123 36
124 36
129 36
130 36
78 37
106 37
107 37
122 37
123 37
129 37
78 38
107 38
108 38
121 38
122 38
128 38
129 38
79 39
108 39
120 39
121 39
127 39
128 39
79 40
80 40
108 40
109 40
120 40
126 40
127 40
80 41
81 41
109 41
110 41
120 41
126 41
81 42
110 42
111 42
119 42
120 42
125 42
126 42
81 43
82 43
111 43
119 43
124 43
125 43
83 44
111 44
118 44
119 44
124 44
83 45
111 45
112 45
118 45
83 46
84 46
112 46
117 46
118 46
123 46
124 46
84 47
112 47
116 47
117 47
123 47
84 48
85 48
112 48
116 48
123 48
85 49
86 49
112 49
115 49
116 49
123 49
86 50
112 50
115 50
123 50
87 51
88 51
89 51
112 51
115 51
122 51
123 51
89 52
90 52
112 52
114 52
115 52
122 52
90 53
91 53
112 53
114 53
122 53
91 54
92 54
93 54
112 54
113 54
114 54
122 54
93 55
94 55
122 55
94 56
95 56
96 56
97 56
122 56
97 57
98 57
122 57
99 58
122 58
123 58
124 58
125 58
126 58
127 58
99 59
128 59
129 59
130 59
131 59
132 59
133 59
134 59
135 59
93 60
94 60
95 60
96 60
97 60
98 60
99 60
135 60
136 60
137 60
138 60
139 60
140 60
141 60
89 61
90 61
91 61
92 61
93 61
141 61
142 61
143 61
144 61
145 61
85 62
86 62
88 62
89 62
145 62
146 62
147 62
148 62
149 62
82 63
84 63
85 63
149 63
150 63
151 63
152 63
79 64
80 64
81 64
82 64
152 64
153 64
154 64
155 64
76 65
77 65
78 65
79 65
155 65
156 65
157 65
158 65
74 66
75 66
76 66
158 66
159 66
160 66
71 67
72 67
73 67
74 67
160 67
161 67
162 67
163 67
69 68
70 68
71 68
163 68
165 68
67 69
68 69
69 69
165 69
166 69
167 69
65 70
66 70
67 70
167 70
168 70
169 70
63 71
64 71
65 71
169 71
170 71
171 71
61 72
62 72
63 72
171 72
172 72
173 72
60 73
173 73
174 73
58 74
59 74
60 74
174 74
175 74
176 74
56 75
57 75
58 75
176 75
177 75
178 75
55 76
56 76
178 76
179 76
53 77
54 77
55 77
179 77
180 77
181 77
52 78
53 78
181 78
182 78
51 79
52 79
182 79
183 79
49 80
50 80
51 80
183 80
184 80
185 80
48 81
49 81
185 81
186 81
47 82
48 82
186 82
187 82
45 83
46 83
47 83
187 83
188 83
189 83
44 84
45 84
189 84
190 84
43 85
44 85
190 85
191 85
42 86
43 86
191 86
192 86
41 87
42 87
192 87
193 87
40 88
41 88
193 88
194 88
39 89
40 89
194 89
195 89
38 90
39 90
195 90
196 90
37 91
38 91
196 91
197 91
36 92
37 92
197 92
198 92
35 93
36 93
198 93
199 93
34 94
35 94
200 94
33 95
34 95
201 95
33 96
201 96
32 97
33 97
201 97
202 97
31 98
32 98
202 98
203 98
30 99
31 99
203 99
204 99
30 100
204 100
29 101
30 101
204 101
205 101
28 102
29 102
205 102
206 102
27 103
28 103
206 103
207 103
27 104
207 104
26 105
27 105
207 105
208 105
26 106
208 106
25 107
26 107
208 107
209 107
24 108
25 108
209 108
210 108
24 109
210 109
23 110
24 110
210 110
211 110
23 111
211 111
22 112
23 112
211 112
212 112
22 113
212 113
21 114
22 114
212 114
213 114
21 115
213 115
20 116
21 116
213 116
214 116
20 117
214 117
19 118
20 118
214 118
215 118
19 119
215 119
19 120
215 120
18 121
19 121
215 121
216 121
18 122
216 122
18 123
17 124
18 124
216 124
217 124
217 125
17 126
217 126
16 127
17 127
217 127
218 127
16 128
218 128
16 129
218 129
15 130
16 130
218 130
219 130
15 131
219 131
15 132
219 132
15 133
219 133
15 134
219 134
14 135
15 135
219 135
220 135
14 136
220 136
14 137
220 137
14 138
220 138
14 139
14 140
220 140
13 141
14 141
220 141
221 141
13 142
221 142
13 143
221 143
13 144
13 145
221 145
13 146
221 146
13 147
221 147
13 148
221 148
13 149
221 149
13 150
221 150
13 151
221 151
13 152
221 152
13 153
221 153
13 154
221 154
13 155
221 155
13 156
221 156
13 157
221 157
13 158
221 158
13 159
14 159
220 159
221 159
14 160
220 160
14 161
220 161
14 162
220 162
14 163
220 163
14 164
220 164
14 165
15 165
219 165
220 165
15 166
15 167
219 167
15 168
219 168
15 169
219 169
15 170
16 170
218 170
219 170
16 171
16 172
218 172
16 173
17 173
217 173
218 173
17 174
217 174
17 175
217 175
17 176
18 176
216 176
217 176
18 177
216 177
18 178
216 178
18 179
19 179
215 179
216 179
19 180
215 180
19 181
215 181
19 182
20 182
214 182
215 182
20 183
214 183
20 184
21 184
213 184
214 184
21 185
213 185
22 186
212 186
22 187
212 187
22 188
23 188
211 188
212 188
23 189
211 189
23 190
210 190
211 190
24 191
210 191
24 192
25 192
209 192
210 192
25 193
26 193
208 193
209 193
26 194
208 194
26 195
27 195
207 195
208 195
27 196
207 196
27 197
28 197
206 197
207 197
28 198
29 198
205 198
206 198
29 199
30 199
204 199
205 199
30 200
204 200
30 201
31 201
203 201
204 201
31 202
32 202
202 202
203 202
32 203
33 203
201 203
202 203
33 204
201 204
33 205
34 205
200 205
201 205
34 206
35 206
199 206
200 206
35 207
36 207
198 207
199 207
36 208
197 208
198 208
37 209
38 209
196 209
197 209
38 210
39 210
195 210
196 210
39 211
40 211
194 211
195 211
40 212
41 212
193 212
194 212
41 213
42 213
192 213
193 213
42 214
43 214
191 214
192 214
43 215
44 215
190 215
191 215
44 216
45 216
189 216
190 216
45 217
46 217
47 217
187 217
188 217
189 217
47 218
48 218
186 218
187 218
48 219
49 219
185 219
186 219
49 220
50 220
51 220
183 220
184 220
185 220
51 221
52 221
182 221
183 221
52 222
53 222
181 222
53 223
54 223
55 223
180 223
181 223
55 224
56 224
178 224
179 224
56 225
57 225
58 225
176 225
177 225
178 225
58 226
59 226
60 226
174 226
175 226
176 226
60 227
61 227
173 227
174 227
61 228
62 228
63 228
171 228
172 228
173 228
63 229
64 229
65 229
169 229
170 229
171 229
65 230
66 230
67 230
167 230
168 230
169 230
67 231
68 231
69 231
165 231
166 231
167 231
69 232
70 232
71 232
163 232
164 232
165 232
71 233
72 233
73 233
74 233
160 233
161 233
162 233
163 233
74 234
75 234
76 234
158 234
159 234
160 234
76 235
77 235
78 235
79 235
155 235
156 235
157 235
158 235
79 236
80 236
81 236
82 236
152 236
153 236
154 236
155 236
82 237
84 237
85 237
149 237
150 237
151 237
152 237
85 238
86 238
87 238
88 238
89 238
145 238
146 238
147 238
148 238
149 238
89 239
90 239
91 239
93 239
141 239
142 239
143 239
144 239
145 239
93 240
94 240
95 240
96 240
97 240
98 240
99 240
135 240
136 240
137 240
138 240
139 240
140 240
141 240
99 241
100 241
101 241
102 241
103 241
104 241
105 241
106 241
107 241
127 241
128 241
129 241
130 241
131 241
132 241
133 241
134 241
135 241
107 242
108 242
109 242
110 242
111 242
112 242
113 242
114 242
115 242
116 242
117 242
118 242
119 242
120 242
121 242
122 242
124 242
125 242
126 242
127 242
