25 1
26 1
27 1
31 1
32 1
33 1
34 1
35 1
36 1
37 1
38 1
39 1
40 1
41 1
22 2
23 2
25 2
41 2
43 2
44 2
45 2
20 3
22 3
45 3
46 3
47 3
19 4
20 4
47 4
48 4
49 4
18 5
19 5
49 5
50 5
51 5
16 6
17 6
18 6
51 6
52 6
15 7
16 7
52 7
53 7
15 8
53 8
54 8
15 9
54 9
15 10
56 10
13 11
14 11
15 11
56 11
12 12
56 12
57 12
58 12
58 13
12 14
58 14
59 14
11 15
59 15
60 15
60 16
10 17
11 17
60 17
61 17
8 18
9 18
10 18
61 18
62 18
7 19
8 19
62 19
6 20
7 20
62 20
63 20
4 21
5 21
6 21
63 21
3 22
4 22
64 22
2 23
3 23
2 24
64 24
1 25
2 25
1 26
1 27
64 27
1 28
64 28
1 29
64 29
1 30
2 30
3 30
4 30
7 30
8 30
64 30
65 30
8 31
65 31
9 32
10 32
65 32
10 33
65 33
10 34
10 35
11 35
65 35
11 36
12 36
65 36
12 37
65 37
12 38
65 38
13 39
13 40
65 40
13 41
65 41
65 42
14 43
65 43
66 43
14 44
66 44
67 44
14 45
15 45
67 45
15 46
16 46
67 46
68 46
16 47
68 47
16 48
17 48
68 48
17 49
70 49
17 50
18 50
70 50
71 50
72 50
18 51
72 51
73 52
74 52
75 52
18 53
19 53
75 53
76 53
77 53
77 54
79 54
80 54
81 54
19 55
20 55
81 55
82 55
83 55
20 56
83 56
84 56
88 56
89 56
20 57
89 57
90 57
91 57
92 57
93 57
94 57
96 57
20 58
97 58
98 58
99 58
100 58
100 59
101 59
102 59
20 60
102 60
103 60
104 60
105 60
106 60
19 61
20 61
106 61
19 62
108 62
109 62
19 63
109 63
110 63
111 63
19 64
111 64
112 64
113 64
114 64
115 64
19 65
115 65
116 65
117 65
19 66
117 66
118 66
119 66
120 66
19 67
120 67
121 67
122 67
123 67
124 67
18 68
19 68
124 68
125 68
126 68
127 68
18 69
127 69
128 69
129 69
130 69
18 70
130 70
131 70
132 70
17 71
18 71
132 71
133 71
134 71
135 71
17 72
135 72
137 72
17 73
137 73
138 73
139 73
140 73
17 74
142 74
17 75
142 75
143 75
17 76
144 76
145 76
16 77
17 77
147 77
16 78
147 78
148 78
149 78
16 79
150 79
15 80
16 80
150 80
151 80
15 81
151 81
152 81
15 82
152 82
153 82
154 82
15 83
154 83
155 83
155 84
156 84
14 85
15 85
157 85
158 85
14 86
158 86
159 86
14 87
160 87
14 88
160 88
161 88
14 89
161 89
162 89
14 90
163 90
164 90
14 91
164 91
165 91
14 92
165 92
166 92
14 93
166 93
168 93
14 94
168 94
169 94
170 94
14 95
170 95
171 95
14 96
171 96
172 96
15 97
172 97
173 97
174 97
15 98
174 98
175 98
15 99
175 99
176 99
15 100
16 100
177 100
16 101
178 101
16 102
178 102
179 102
16 103
179 103
180 103
16 104
180 104
16 105
17 105
181 105
17 106
182 106
183 106
17 107
183 107
17 108
18 108
185 108
18 109
185 109
18 110
185 110
18 111
186 111
187 111
187 112
18 113
19 113
187 113
188 113
19 114
20 114
188 114
189 114
20 115
189 115
190 115
20 116
21 116
190 116
190 117
191 117
21 118
22 118
192 118
22 119
23 119
192 119
193 120
23 121
24 121
193 121
194 121
24 122
194 122
24 123
25 123
194 123
195 123
25 124
26 124
196 124
26 125
196 125
197 125
27 126
198 126
27 127
198 127
199 127
28 128
29 128
199 128
200 128
29 129
200 129
201 129
29 130
30 130
201 130
202 130
30 131
202 131
203 131
31 132
32 132
203 132
204 132
32 133
33 133
204 133
205 133
33 134
205 134
206 134
33 135
34 135
35 136
207 136
35 137
36 137
207 137
208 137
36 138
208 138
36 139
37 139
209 139
210 139
38 140
210 140
211 140
38 141
39 141
211 141
39 142
211 142
212 142
39 143
40 143
41 143
212 143
213 143
41 144
214 144
41 145
42 145
43 145
215 145
216 145
43 146
216 146
217 146
43 147
44 147
45 147
46 147
217 147
218 147
46 148
218 148
219 148
220 148
46 149
220 149
221 149
46 150
47 150
48 150
221 150
222 150
48 151
49 151
223 151
50 152
223 152
225 152
50 153
51 153
226 153
52 154
53 154
226 154
227 154
53 155
227 155
228 155
229 155
53 156
54 156
55 156
56 156
229 156
230 156
56 157
230 157
231 157
56 158
57 158
58 158
231 158
232 158
233 158
58 159
59 159
233 159
234 159
60 160
234 160
235 160
61 161
62 161
63 161
235 161
236 161
63 162
236 162
237 162
63 163
64 163
237 163
238 163
64 164
65 164
66 164
238 164
239 164
67 165
68 165
69 165
240 165
69 166
240 166
241 166
70 167
71 167
241 167
242 167
72 168
242 168
243 168
72 169
73 169
74 169
243 169
244 169
74 170
75 170
244 170
245 170
76 171
77 171
245 171
77 172
78 172
80 172
245 172
246 172
80 173
81 173
82 173
246 173
247 173
83 174
84 174
247 174
85 175
86 175
87 175
247 175
248 175
87 176
88 176
180 176
181 176
182 176
183 176
185 176
186 176
187 176
188 176
189 176
191 176
192 176
194 176
195 176
197 176
248 176
249 176
89 177
177 177
179 177
180 177
197 177
198 177
249 177
250 177
90 178
174 178
176 178
177 178
199 178
250 178
251 178
90 179
167 179
169 179
170 179
171 179
172 179
173 179
200 179
251 179
90 180
91 180
162 180
164 180
165 180
166 180
167 180
200 180
251 180
91 181
156 181
157 181
158 181
159 181
160 181
161 181
162 181
200 181
201 181
91 182
153 182
154 182
155 182
156 182
201 182
202 182
91 183
92 183
110 183
111 183
112 183
113 183
114 183
115 183
116 183
117 183
119 183
120 183
121 183
122 183
123 183
124 183
125 183
126 183
148 183
151 183
152 183
202 183
92 184
108 184
110 184
126 184
127 184
128 184
129 184
130 184
131 184
132 184
133 184
134 184
135 184
136 184
137 184
138 184
139 184
140 184
141 184
142 184
143 184
144 184
145 184
146 184
147 184
148 184
202 184
203 184
92 185
107 185
108 185
203 185
204 185
92 186
93 186
106 186
107 186
204 186
93 187
106 187
204 187
93 188
105 188
205 188
93 189
104 189
206 189
93 190
104 190
207 190
207 191
208 191
92 192
93 192
104 192
208 192
209 192
251 192
103 193
104 193
209 193
251 193
103 194
209 194
210 194
251 194
91 195
92 195
102 195
103 195
210 195
211 195
251 195
91 196
102 196
211 196
251 196
102 197
213 197
214 197
90 198
91 198
102 198
214 198
215 198
90 199
102 199
216 199
217 199
218 199
89 200
90 200
218 200
219 200
220 200
222 200
89 201
102 201
223 201
224 201
225 201
89 202
102 202
225 202
226 202
227 202
228 202
251 202
89 203
99 203
100 203
101 203
229 203
230 203
231 203
232 203
250 203
251 203
88 204
98 204
99 204
232 204
234 204
235 204
248 204
249 204
250 204
88 205
98 205
235 205
244 205
245 205
246 205
247 205
248 205
88 206
96 206
97 206
236 206
237 206
238 206
239 206
240 206
243 206
87 207
88 207
96 207
240 207
242 207
243 207
86 208
87 208
95 208
86 209
95 209
85 210
86 210
95 210
85 211
95 211
85 212
95 212
84 213
85 213
95 213
84 214
95 214
68 215
69 215
70 215
71 215
72 215
73 215
82 215
83 215
84 215
95 215
66 216
67 216
68 216
73 216
74 216
75 216
76 216
77 216
78 216
79 216
82 216
95 216
64 217
65 217
66 217
96 217
64 218
96 218
97 218
64 219
97 219
98 219
99 220
64 221
99 221
100 221
101 221
55 222
56 222
57 222
58 222
59 222
60 222
61 222
62 222
63 222
64 222
101 222
102 222
103 222
54 223
55 223
103 223
53 224
54 224
103 224
104 224
52 225
53 225
98 225
99 225
100 225
105 225
51 226
52 226
97 226
98 226
100 226
101 226
102 226
103 226
105 226
50 227
51 227
96 227
97 227
103 227
104 227
105 227
50 228
94 228
95 228
96 228
50 229
92 229
93 229
94 229
50 230
53 230
54 230
55 230
56 230
57 230
85 230
86 230
87 230
88 230
89 230
90 230
91 230
50 231
51 231
52 231
53 231
58 231
59 231
62 231
63 231
64 231
84 231
85 231
59 232
60 232
61 232
62 232
83 232
64 233
82 233
83 233
64 234
80 234
81 234
82 234
64 235
65 235
70 235
72 235
73 235
76 235
77 235
78 235
80 235
65 236
66 236
68 236
69 236
73 236
74 236
76 236
