247 143
257 143
237 144
238 144
240 144
241 144
244 144
251 144
252 144
253 144
255 144
257 144
259 144
265 144
234 145
237 145
239 145
268 145
218 146
222 146
223 146
228 146
269 146
271 146
273 146
278 146
212 147
217 147
220 147
221 147
277 147
278 147
280 147
210 148
211 148
212 148
213 148
215 148
284 148
202 149
208 149
286 149
288 149
290 149
294 149
200 150
293 150
193 151
194 151
196 151
198 151
297 151
192 152
298 152
300 152
302 152
303 152
304 152
306 152
191 153
308 153
186 154
189 154
311 154
313 154
314 154
183 155
184 155
176 156
322 157
174 158
328 158
172 159
173 159
176 159
167 160
169 161
333 161
164 162
338 162
340 162
163 163
340 163
341 163
161 164
342 164
159 165
347 166
348 167
349 167
350 167
150 168
152 168
351 168
146 170
147 170
148 170
146 171
356 171
358 172
359 172
360 172
142 173
143 173
360 173
140 174
137 175
139 175
138 176
366 176
137 177
368 177
134 178
135 178
373 179
130 180
371 180
373 180
374 180
128 181
375 181
376 182
382 184
383 186
384 186
119 187
387 188
116 189
389 189
114 191
111 192
393 193
395 193
396 193
109 194
110 194
396 194
397 194
399 194
107 195
108 195
397 195
399 195
400 195
104 197
403 197
367 198
387 198
406 198
103 199
365 199
368 199
387 199
407 199
408 199
369 200
387 200
408 200
255 201
370 201
409 201
410 201
411 201
255 202
368 202
369 202
370 202
412 202
96 203
99 203
414 203
416 205
418 205
92 207
89 209
421 209
422 209
87 210
424 210
364 211
365 211
425 211
86 212
425 212
426 212
86 213
366 213
368 213
427 213
84 214
368 214
372 214
368 215
369 216
428 216
83 218
431 218
432 218
83 219
432 219
435 222
85 223
86 223
495 223
512 223
86 224
491 224
492 224
494 224
497 224
500 224
503 224
504 224
510 224
513 224
515 224
86 225
479 225
487 225
490 225
493 225
476 226
479 226
480 226
482 226
487 226
521 226
439 227
521 227
522 227
523 227
88 228
90 228
525 228
528 228
90 229
528 229
529 229
531 229
90 230
442 230
466 230
530 230
531 230
92 231
93 231
444 231
531 231
532 231
94 232
444 232
455 232
463 232
533 232
534 232
94 233
95 233
459 233
97 234
452 234
454 234
536 234
120 235
123 235
538 235
539 235
111 236
113 236
116 236
117 236
121 236
104 237
105 237
108 237
110 237
129 238
131 240
133 240
543 240
136 242
544 243
139 245
171 245
546 245
549 246
141 247
548 247
144 248
183 248
549 248
549 249
185 250
145 252
146 252
148 253
551 254
147 256
196 256
535 256
537 256
149 257
196 257
552 257
194 258
195 258
552 258
552 259
554 259
151 260
150 261
151 261
555 262
554 263
155 264
555 265
155 266
555 266
155 268
555 270
555 271
157 272
529 272
555 272
527 273
530 273
530 274
531 274
532 274
158 276
483 276
529 276
533 276
554 276
555 276
158 277
532 277
554 277
159 278
484 278
554 278
159 279
482 279
484 279
483 280
484 280
554 280
160 281
482 281
484 281
482 283
484 283
159 284
551 284
552 287
156 288
272 290
155 291
156 291
217 291
274 292
275 292
551 292
221 293
274 293
276 293
156 294
157 294
218 294
276 294
522 294
156 295
220 295
222 295
510 295
515 295
517 295
520 295
523 295
526 295
527 295
154 296
500 296
501 296
504 296
508 296
511 296
512 296
516 296
519 296
528 296
532 296
552 296
495 297
500 297
502 297
508 297
552 297
154 298
240 298
552 298
153 299
244 299
246 299
493 299
240 300
249 300
299 300
537 300
551 300
242 301
244 301
251 301
301 301
302 301
491 301
551 301
552 301
148 302
149 302
247 302
539 302
246 303
247 303
250 303
252 303
490 303
539 303
304 304
540 304
147 305
149 305
301 305
303 305
542 305
488 306
543 306
145 307
146 307
542 307
549 307
544 308
548 308
271 309
486 309
487 309
546 309
548 309
141 310
144 310
485 310
546 310
271 311
484 311
485 311
140 312
481 312
484 312
481 314
139 315
162 315
163 315
479 315
480 315
136 316
457 316
479 316
135 317
159 317
169 317
479 317
157 318
167 318
301 318
303 318
155 319
172 319
301 319
303 319
306 319
476 319
130 320
301 320
304 320
312 320
474 320
173 321
304 321
313 321
314 321
175 322
316 322
474 322
151 323
176 323
305 323
309 323
316 323
473 323
474 323
125 324
150 324
310 324
313 324
315 324
316 324
470 324
122 326
121 327
122 327
468 328
118 329
465 329
118 330
183 330
184 330
459 331
461 331
112 332
116 332
185 332
186 332
112 333
187 333
459 333
102 334
104 334
187 334
455 334
137 335
453 335
101 336
129 336
451 336
455 336
135 337
446 337
447 337
448 337
449 337
452 337
99 338
129 338
441 338
446 338
439 339
132 340
432 340
436 340
438 340
132 341
133 341
191 341
422 341
426 341
428 341
429 341
430 341
433 341
418 342
422 342
433 342
105 343
131 343
193 343
415 343
417 343
106 344
193 344
194 344
413 344
105 345
106 345
130 345
195 345
409 345
410 345
412 345
401 346
402 346
404 346
408 346
409 346
130 347
400 347
401 347
105 348
112 348
388 348
390 348
393 348
394 348
395 348
105 349
110 349
111 349
129 349
198 349
390 349
391 349
392 349
393 349
104 350
105 350
110 350
114 350
380 350
385 350
387 350
388 350
112 351
375 352
378 352
131 353
357 353
363 353
361 354
364 354
103 355
203 355
347 355
103 356
203 356
283 356
285 356
291 356
292 356
313 356
314 356
318 356
325 356
332 356
335 356
337 356
338 356
339 356
340 356
350 356
203 357
205 357
273 357
280 357
282 357
284 357
285 357
292 357
293 357
298 357
311 357
316 357
322 357
334 357
335 357
338 357
132 358
272 358
273 358
293 358
305 358
306 358
307 358
206 359
257 359
258 359
260 359
261 359
265 359
268 359
301 359
136 360
245 360
246 360
248 360
249 360
250 360
258 360
112 361
113 361
139 361
246 361
253 361
99 362
112 362
140 362
241 362
251 362
114 363
116 363
141 363
206 363
236 363
239 363
206 364
231 364
235 364
237 364
145 365
229 365
231 365
234 365
99 366
118 366
207 366
228 366
112 367
119 367
227 367
100 368
112 368
148 368
227 368
100 369
121 369
209 369
227 370
111 371
209 371
112 372
121 372
97 373
111 373
210 373
226 373
111 374
112 374
210 374
122 375
123 375
139 375
154 375
210 375
210 376
153 377
154 377
210 377
113 378
139 378
144 378
153 378
211 378
226 378
112 379
125 379
148 379
112 380
212 380
225 380
112 381
127 381
141 381
152 381
153 381
99 382
127 382
151 382
152 382
211 382
142 383
211 383
210 384
211 384
226 384
102 385
130 385
131 385
145 385
211 385
226 385
146 386
226 386
101 387
132 387
147 387
148 387
211 387
226 387
134 388
149 388
211 388
212 388
226 388
101 389
134 389
151 389
227 389
101 390
107 390
134 390
212 390
226 390
106 391
152 391
227 391
103 392
135 392
154 392
103 393
154 393
226 393
100 394
137 394
154 394
100 395
102 395
137 395
155 395
211 395
138 396
140 398
142 399
158 399
212 399
149 400
228 400
145 401
147 401
147 402
151 402
158 403
228 403
151 404
158 404
158 405
228 405
158 406
228 406
153 407
212 407
220 407
221 407
228 407
155 408
157 408
222 408
153 409
154 409
212 410
229 410
212 412
222 412
224 412
222 413
222 414
223 414
229 414
211 415
211 416
210 418
211 418
230 418
207 419
210 419
223 419
207 420
208 420
201 421
202 421
221 421
231 421
201 422
231 422
199 423
200 423
231 423
233 425
234 425
238 427
195 429
202 429
238 429
243 429
195 430
199 430
204 430
241 430
196 431
204 431
205 431
206 431
210 431
211 431
212 431
248 431
249 431
251 431
197 432
207 432
208 432
209 432
256 432
261 432
259 433
261 433
262 433
263 434
264 436
214 438
267 438
268 438
215 440
217 440
251 442
253 442
270 442
248 443
255 443
263 443
261 444
262 444
219 445
250 445
259 445
265 445
251 446
252 446
253 446
218 447
220 447
269 447
253 448
268 448
235 449
255 449
220 450
234 450
237 450
222 451
235 451
258 451
258 452
260 452
259 453
222 454
260 454
223 455
237 455
243 455
223 456
224 456
237 457
245 458
247 458
225 459
237 459
247 459
249 459
266 459
249 460
267 460
237 461
249 461
268 461
269 462
266 464
271 464
239 465
255 465
273 465
240 466
275 466
277 466
257 467
258 468
227 469
259 469
260 469
261 470
278 470
230 471
242 471
230 472
280 473
280 474
265 475
280 475
231 476
245 477
246 477
266 477
281 478
282 478
267 479
281 479
246 480
267 480
235 481
237 481
270 481
273 481
281 481
237 482
281 482
239 484
245 484
281 485
279 486
244 487
276 488
276 489
277 489
241 491
