357 72
364 72
366 72
367 72
348 73
349 73
351 73
375 73
347 74
341 75
342 75
378 75
379 76
329 80
327 81
326 82
388 82
326 83
324 84
391 84
352 85
366 85
321 86
353 86
367 86
392 86
352 87
364 87
349 88
343 89
348 89
344 90
395 90
395 91
397 92
315 93
398 93
400 95
401 96
402 96
402 97
312 98
403 98
361 100
311 101
358 101
408 101
310 102
358 102
363 102
362 103
356 104
380 104
410 104
353 105
411 105
356 106
355 107
356 107
305 109
413 109
414 110
353 111
414 111
394 112
397 112
398 112
400 112
403 112
304 113
354 113
409 113
303 114
354 114
395 114
351 115
398 115
399 115
400 115
302 116
403 116
404 117
354 118
302 119
351 119
407 120
351 121
355 121
301 122
351 122
399 124
402 125
404 125
408 125
357 126
352 129
359 129
391 130
356 131
300 133
388 134
388 135
300 141
384 141
382 142
299 143
378 145
299 146
377 147
298 151
297 154
372 154
371 155
371 156
296 157
353 158
371 158
351 159
355 159
356 161
294 162
370 162
293 163
353 163
370 163
293 164
356 166
291 167
289 170
289 171
354 171
354 173
357 174
369 174
369 175
284 176
354 177
281 178
282 178
358 178
277 180
355 181
356 181
359 181
267 182
268 182
270 182
272 182
257 184
248 185
251 185
252 185
253 185
355 185
360 185
247 186
246 187
356 187
361 187
362 189
372 189
239 190
358 190
236 191
358 191
373 191
230 192
224 193
227 193
216 195
219 195
213 196
214 196
215 196
210 197
213 197
208 198
375 198
375 199
376 199
202 200
203 200
199 202
377 202
195 203
377 203
377 204
193 205
189 206
190 206
183 209
179 211
180 211
380 211
380 214
175 215
161 225
160 226
384 226
384 227
384 228
385 228
385 229
153 230
150 233
385 233
149 234
148 235
146 237
147 237
146 238
385 238
141 241
140 242
141 242
135 247
136 247
132 248
131 250
129 251
130 251
128 254
126 255
126 256
384 256
123 257
121 259
122 259
119 261
382 262
117 264
113 268
381 269
110 270
111 270
108 275
108 276
378 276
106 277
378 278
105 279
376 280
375 284
101 285
100 287
373 288
98 289
370 294
369 295
93 296
368 296
367 297
366 299
91 301
90 302
363 302
89 303
363 303
362 305
88 307
86 310
86 311
216 312
218 312
201 317
203 317
201 318
203 318
81 319
199 320
352 320
80 321
200 321
78 323
76 327
75 328
76 328
74 329
73 332
305 333
343 334
288 335
290 335
299 335
301 335
307 335
318 335
307 336
315 336
226 337
285 337
289 337
299 337
306 337
319 337
229 338
285 338
286 338
303 338
306 338
342 338
225 339
226 339
227 339
253 340
256 340
257 340
296 340
255 341
294 341
67 342
279 342
281 342
296 342
304 342
307 342
281 343
295 343
339 343
276 344
291 344
273 345
274 347
276 347
285 347
286 347
302 347
271 348
282 348
300 348
273 349
297 349
279 350
62 351
213 351
214 351
216 351
307 351
309 351
62 352
170 352
191 352
213 352
217 352
307 352
334 352
188 353
189 353
193 353
211 353
212 353
213 353
217 353
278 353
281 353
309 353
334 353
165 354
186 354
260 354
308 354
163 355
164 355
211 355
213 355
256 355
262 355
272 355
286 356
163 357
260 357
268 357
271 357
286 357
296 357
251 358
258 358
278 358
287 358
294 358
302 358
303 358
246 359
248 359
250 359
258 359
271 359
275 359
278 359
296 359
59 360
234 360
235 360
251 360
253 360
293 360
305 360
236 361
246 361
248 361
250 361
264 361
276 361
277 361
295 361
310 361
230 362
266 362
268 362
310 362
58 363
230 363
263 363
327 363
328 363
233 364
263 364
57 365
58 365
252 365
263 365
296 365
238 366
292 366
293 366
56 367
237 367
251 367
252 367
278 367
286 367
235 368
247 368
248 368
286 368
280 369
290 369
212 370
214 370
235 370
306 370
305 371
241 372
55 373
172 373
290 373
292 373
321 373
173 374
236 374
271 374
290 374
292 374
168 375
172 375
232 375
234 375
243 375
259 375
264 375
267 375
152 376
235 376
238 376
239 376
248 376
250 376
257 376
260 376
270 376
154 377
233 377
235 377
265 377
268 377
319 377
248 378
251 378
261 378
227 379
318 379
53 380
201 381
224 381
230 381
232 381
234 381
238 381
239 381
259 381
290 381
292 381
295 381
202 382
255 382
256 382
257 382
261 382
202 383
239 383
234 384
292 384
315 384
220 385
263 385
278 385
279 385
229 386
247 386
260 386
261 386
274 386
223 387
225 387
247 387
249 387
257 387
260 387
269 387
278 387
212 388
216 388
218 388
249 388
254 388
255 388
279 388
280 388
284 388
212 389
237 389
242 389
274 389
50 390
232 390
242 390
281 390
282 390
215 391
217 391
226 391
245 391
259 391
264 391
309 391
223 392
226 392
232 392
49 393
189 393
209 393
212 393
222 393
225 393
247 393
190 394
220 394
221 394
236 394
245 394
257 394
259 394
262 394
308 394
47 395
215 396
209 397
229 397
47 398
227 398
232 398
247 398
305 398
307 398
46 399
47 399
202 399
216 399
236 399
305 399
199 400
208 400
209 400
223 400
250 400
236 401
244 401
171 402
220 402
233 402
304 402
200 403
202 403
232 403
241 403
242 403
198 404
230 404
231 404
192 405
193 405
221 405
243 405
302 405
195 406
196 406
234 406
242 406
301 406
302 406
192 407
194 407
239 408
240 408
46 409
206 409
227 409
300 409
204 410
227 410
299 410
209 411
230 411
231 411
232 411
234 411
244 411
207 412
245 412
297 412
243 413
244 413
236 414
238 414
242 414
296 414
236 415
281 415
232 416
278 416
44 417
233 417
236 417
280 417
293 417
200 419
291 419
292 419
43 420
42 422
42 424
286 426
287 426
286 427
43 429
165 429
139 430
283 430
42 431
143 431
213 431
138 432
159 432
41 433
93 433
159 433
107 434
141 434
88 435
41 436
87 436
92 436
275 436
278 436
41 437
105 437
135 437
41 438
274 438
86 439
103 439
85 442
87 442
82 443
84 443
86 443
71 444
86 444
40 446
71 446
72 446
267 446
268 446
84 447
157 447
156 449
158 449
70 450
82 450
94 450
39 451
156 451
157 451
39 452
80 452
93 452
155 452
259 452
260 452
66 454
69 454
91 454
39 455
83 455
89 455
67 456
86 456
87 456
65 457
82 457
83 458
255 458
81 459
38 460
111 461
118 461
114 462
124 462
249 462
64 463
118 463
120 463
81 464
242 464
243 464
48 465
239 465
36 466
46 466
80 466
126 466
49 467
80 467
105 467
235 467
105 468
129 468
231 468
234 468
49 469
78 469
79 469
44 470
78 470
44 471
222 471
42 472
43 472
221 472
45 473
136 473
214 473
217 473
32 474
77 474
202 474
204 474
99 475
138 475
199 475
31 476
74 476
31 477
99 477
142 477
99 478
197 478
29 479
71 479
99 479
144 479
73 480
98 480
28 481
144 481
70 482
71 482
97 482
146 482
97 483
147 483
192 483
27 484
26 485
70 485
95 485
95 486
149 486
189 486
191 486
192 486
25 487
24 488
188 488
24 489
91 491
184 491
187 491
23 492
155 492
90 493
91 493
21 494
22 494
157 494
20 496
19 497
88 497
19 498
185 498
19 499
19 500
166 500
84 501
83 502
84 502
83 503
15 506
186 507
14 508
81 508
13 509
186 509
171 511
12 512
10 513
78 513
171 513
172 514
187 514
76 515
187 515
173 517
9 518
72 520
73 520
189 520
71 521
189 521
6 522
70 522
69 523
5 525
66 525
175 525
190 525
42 526
64 526
40 527
45 527
4 528
37 528
39 528
45 528
175 528
4 529
176 529
176 530
35 531
192 531
30 533
6 534
21 534
22 534
10 535
11 535
12 535
17 536
177 536
177 537
177 539
195 541
195 544
197 547
198 548
168 552
201 553
165 554
232 554
233 554
235 554
164 555
229 555
203 556
227 556
157 557
224 557
222 558
156 559
215 559
212 560
253 560
175 561
176 561
255 562
150 564
172 564
243 564
158 565
254 565
169 566
179 566
250 566
150 567
162 567
179 567
150 568
156 568
233 568
234 568
235 568
251 568
252 568
232 569
238 569
156 570
178 570
179 570
151 572
176 572
239 572
240 572
242 572
152 573
242 573
155 574
250 574
152 575
172 575
250 575
251 575
172 576
252 576
193 577
194 577
197 577
198 577
200 577
253 577
191 578
192 578
193 578
201 578
206 578
207 578
209 578
167 579
168 579
217 579
220 580
165 581
187 581
165 582
262 582
263 582
224 583
227 583
183 584
232 585
235 585
183 586
182 587
237 587
266 587
240 589
252 589
242 590
257 590
267 590
180 591
247 591
252 591
267 591
161 592
261 592
268 593
178 594
162 595
262 595
263 595
176 599
169 600
175 600
162 601
267 601
162 605
164 609
164 610
168 610
168 611
