580 273
584 273
585 273
586 273
588 273
591 273
593 273
596 273
576 274
579 274
590 274
598 274
337 275
573 275
602 275
320 276
344 276
347 276
348 276
351 276
352 276
354 276
358 276
362 276
363 276
370 276
371 276
372 276
374 276
375 276
376 276
570 276
605 276
311 277
316 277
318 277
322 277
324 277
329 277
331 277
376 277
384 277
385 277
389 277
390 277
566 277
609 277
613 277
317 278
398 278
399 278
564 278
610 278
614 278
615 278
303 279
304 279
305 279
308 279
301 280
557 280
618 280
618 281
619 281
292 282
415 282
556 282
290 283
417 283
420 283
554 283
286 284
422 284
426 284
623 284
284 285
550 285
548 286
276 287
279 287
429 287
431 287
548 287
273 288
548 288
546 289
629 289
270 290
604 290
600 291
608 291
603 292
631 293
258 294
540 294
609 294
257 295
449 296
450 296
538 296
450 297
245 299
246 299
454 299
536 299
617 299
618 299
240 300
242 300
244 300
460 300
617 300
461 301
233 302
463 302
465 302
532 302
232 303
468 303
229 304
231 304
469 304
637 305
474 306
529 306
474 308
475 308
476 308
599 308
601 308
605 308
639 308
478 309
479 309
596 309
601 309
607 309
215 310
600 310
639 310
598 311
605 311
213 312
519 312
606 312
211 313
485 313
591 313
485 314
486 314
207 315
489 315
593 315
206 316
507 316
512 316
204 317
206 317
493 317
501 317
508 317
586 317
496 318
498 318
499 318
506 318
591 319
199 320
197 321
198 321
197 322
582 322
195 323
197 323
588 323
589 323
589 324
639 325
616 327
640 327
184 329
186 329
587 329
640 329
184 330
584 330
640 330
585 331
182 332
177 333
641 333
175 335
626 340
624 341
642 341
628 342
166 343
624 343
643 343
643 344
164 345
164 346
633 346
634 346
562 347
162 348
159 349
564 349
562 350
617 350
636 350
155 351
157 351
564 351
616 351
619 351
629 351
621 352
639 352
641 352
154 353
565 353
606 353
629 353
596 354
598 354
600 354
601 354
603 354
605 354
635 354
558 355
559 355
563 355
592 355
595 355
601 355
640 355
624 356
557 357
582 357
150 358
560 358
578 358
148 359
560 359
555 360
559 360
557 362
575 362
557 363
572 363
573 363
556 367
137 369
555 369
567 369
555 370
566 371
547 372
564 372
345 373
563 373
346 374
546 374
132 375
563 375
129 376
547 376
127 377
296 377
298 377
551 377
126 378
127 378
125 379
126 379
298 379
359 380
361 380
121 381
297 381
559 382
546 383
119 384
559 384
112 385
114 385
549 385
109 386
110 386
153 386
154 386
267 386
269 386
271 386
107 387
132 387
270 387
158 388
267 388
268 388
101 389
102 389
126 389
184 390
557 390
121 391
127 391
132 391
154 391
93 392
95 392
121 392
123 392
152 392
158 392
172 392
309 392
555 392
92 393
172 393
173 393
177 393
187 393
313 393
314 393
149 394
153 394
168 394
181 394
310 394
318 394
555 394
88 395
166 395
312 395
317 395
554 395
86 396
149 396
176 396
286 396
148 397
167 397
169 397
81 398
163 398
283 398
553 398
72 400
74 400
191 400
552 400
190 401
192 401
552 401
71 402
72 402
69 403
164 403
167 403
168 403
171 403
191 403
66 404
169 404
61 406
171 406
172 406
352 406
160 407
185 407
233 407
235 407
329 407
160 408
57 409
156 409
157 409
233 409
328 409
330 409
58 410
329 410
331 410
145 411
158 411
145 412
155 412
156 412
56 413
57 413
148 413
150 413
546 413
142 414
145 414
155 414
142 415
59 416
149 416
150 416
137 417
139 417
220 419
226 419
227 419
219 420
319 420
320 420
62 421
317 421
319 421
222 422
66 423
225 423
316 423
318 423
370 423
70 424
181 424
288 424
72 425
176 425
179 425
180 425
184 425
185 425
286 425
287 425
288 425
374 426
75 427
340 427
342 427
343 427
344 427
75 428
166 428
185 428
187 428
76 429
84 429
163 429
169 429
342 429
85 430
188 430
537 430
189 431
189 432
536 432
156 433
157 433
192 433
240 433
244 433
344 433
91 434
152 434
245 434
283 434
291 434
293 434
294 434
307 434
342 434
352 434
354 434
146 435
149 435
239 435
243 435
246 435
284 435
336 435
338 435
339 435
344 435
352 435
354 435
356 435
532 435
94 436
245 436
281 436
303 436
325 436
341 436
355 436
357 436
140 437
143 437
148 437
192 437
282 437
316 437
331 437
529 437
531 437
287 438
289 438
292 438
305 438
313 438
331 438
356 438
365 438
529 438
99 439
193 439
292 439
312 439
357 439
133 440
134 440
135 440
338 440
347 440
380 440
381 440
383 440
102 441
132 441
193 441
341 441
353 441
361 441
362 441
378 441
383 441
398 441
104 442
303 442
319 442
335 442
365 442
387 442
390 442
525 442
123 443
306 443
320 443
378 443
382 443
384 443
385 443
397 443
121 444
225 444
228 444
307 444
308 444
310 444
322 444
331 444
332 444
354 444
389 444
403 444
106 445
108 445
119 445
121 445
193 445
222 445
316 445
323 445
324 445
332 445
333 445
521 445
522 445
118 446
224 446
225 446
290 446
312 446
314 446
330 446
367 446
373 446
403 446
519 446
520 446
521 446
289 447
290 447
331 447
364 447
518 447
344 448
345 448
363 448
369 448
385 448
363 449
372 449
388 449
327 450
364 450
396 450
397 450
398 450
401 450
410 450
414 450
310 451
315 451
399 451
403 451
407 451
513 451
194 452
337 452
374 452
387 452
402 452
414 452
511 452
513 452
330 453
352 453
377 453
387 453
407 453
409 453
197 454
316 454
323 454
414 454
196 455
307 455
331 455
506 455
324 456
342 456
398 456
504 456
505 456
351 457
352 457
355 457
385 457
197 458
313 458
331 458
345 458
352 458
356 458
405 458
406 458
196 459
350 459
353 459
358 459
361 459
409 459
499 459
500 459
197 460
330 460
333 460
338 460
367 460
371 460
402 460
407 460
497 460
196 461
259 461
305 461
310 461
359 461
367 461
196 462
261 462
357 462
362 462
367 462
424 462
196 463
320 463
327 463
328 463
486 463
491 463
197 464
307 464
317 464
321 464
391 464
479 465
482 465
279 466
311 466
321 466
325 466
338 466
378 466
379 466
391 466
313 467
315 467
318 467
327 467
328 467
342 467
344 467
377 467
380 467
404 467
475 467
328 468
378 468
381 468
331 469
340 469
356 469
387 469
403 469
406 469
467 469
198 470
310 470
330 470
331 470
345 470
380 470
382 470
307 471
312 471
313 471
383 471
459 471
462 471
344 472
386 472
313 473
352 473
353 473
357 473
395 473
456 473
317 474
356 474
359 474
359 475
450 475
198 476
396 476
399 476
363 477
398 477
445 477
447 477
362 478
391 478
397 478
400 478
440 478
444 478
391 479
389 480
391 480
364 481
380 481
433 481
380 482
431 482
432 482
197 483
198 483
365 483
384 483
428 483
364 484
201 486
419 487
201 488
414 488
201 489
410 489
411 489
406 491
407 491
233 493
238 493
240 493
245 493
399 493
400 493
200 494
228 494
245 494
200 495
219 495
224 495
225 495
230 495
343 497
388 497
200 498
217 498
217 499
251 499
252 499
383 499
257 500
378 500
257 501
196 503
369 503
214 504
196 506
212 506
266 506
362 506
363 506
271 507
357 507
272 508
274 509
348 509
349 509
354 509
210 510
343 510
345 510
346 510
347 510
194 511
324 511
342 511
285 512
322 512
192 513
304 513
308 513
309 513
332 513
336 513
208 514
288 514
289 514
300 514
301 514
304 514
308 514
311 514
314 514
319 514
294 515
319 515
192 516
204 520
205 520
204 521
187 523
186 526
152 528
157 528
158 528
202 528
147 529
150 529
160 529
181 529
168 530
164 531
167 531
174 531
177 531
178 531
200 531
170 532
174 532
176 532
199 534
151 535
156 535
144 537
146 538
142 539
155 542
161 543
165 543
166 543
169 543
170 543
195 543
159 544
168 544
195 544
194 547
194 548
195 548
193 549
194 550
148 551
149 551
166 551
150 552
152 552
158 552
160 552
161 552
162 552
193 553
141 555
140 556
194 556
193 558
194 559
194 561
136 562
195 563
132 565
133 565
161 565
164 565
157 567
171 567
201 567
130 568
131 568
153 568
175 568
201 568
203 569
203 570
135 571
142 571
206 571
207 571
145 572
148 572
180 574
181 575
217 575
129 576
131 576
182 576
218 576
219 576
221 576
221 577
224 579
225 580
228 586
190 587
207 587
229 587
191 588
210 588
220 588
208 589
213 589
217 589
215 590
221 590
229 590
192 591
230 591
211 592
194 594
222 594
196 597
214 597
227 597
225 598
200 599
215 599
216 599
200 601
201 604
219 606
201 607
202 609
221 610
221 611
207 614
209 614
222 616
222 617
222 618
222 619
222 620
221 621
214 623
221 623
214 625
220 626
218 627
212 629
217 629
218 629
215 630
215 631
