64 1
66 1
67 1
71 1
72 1
73 1
74 1
75 1
76 1
77 1
80 1
60 2
62 2
58 3
54 4
55 4
87 4
88 4
51 5
52 5
53 5
54 5
89 5
51 6
91 6
48 7
49 7
50 7
92 7
93 7
46 8
47 8
95 8
96 9
44 10
98 10
43 11
42 12
43 12
98 12
99 12
41 13
42 13
100 13
40 14
39 15
40 15
38 16
102 17
37 18
38 18
102 18
36 19
37 19
103 20
36 21
104 21
35 22
104 22
105 22
35 23
105 24
105 25
35 26
105 26
35 27
106 28
107 28
107 29
33 30
34 30
35 30
33 31
107 32
107 33
33 34
107 34
32 35
33 35
32 36
108 36
32 37
108 37
32 38
108 38
30 39
32 39
108 39
29 40
108 40
27 41
29 41
25 42
26 42
108 42
22 43
25 43
20 44
22 44
108 44
15 45
17 45
19 45
20 45
108 45
12 46
15 46
108 46
10 47
11 47
108 47
9 48
161 49
170 49
172 49
7 50
107 50
152 50
153 50
156 50
159 50
168 50
173 50
174 50
175 50
178 50
182 50
183 50
4 51
5 51
107 51
144 51
145 51
146 51
147 51
148 51
151 51
189 51
190 51
107 52
139 52
140 52
141 52
142 52
143 52
190 52
192 52
194 52
199 52
3 53
4 53
107 53
136 53
138 53
199 53
202 53
203 53
35 54
38 54
39 54
40 54
107 54
132 54
133 54
134 54
135 54
136 54
210 54
211 54
212 54
213 54
214 54
217 54
29 55
32 55
34 55
127 55
130 55
217 55
219 55
220 55
221 55
222 55
223 55
224 55
1 56
22 56
25 56
26 56
28 56
42 56
43 56
107 56
108 56
125 56
224 56
225 56
226 56
228 56
20 57
22 57
43 57
44 57
45 57
108 57
122 57
124 57
232 57
233 57
234 57
235 57
236 57
14 58
18 58
46 58
47 58
108 58
121 58
122 58
238 58
1 59
2 59
3 59
5 59
7 59
8 59
9 59
11 59
12 59
13 59
14 59
48 59
108 59
118 59
240 59
241 59
243 59
244 59
245 59
110 60
111 60
112 60
113 60
116 60
117 60
247 60
49 61
116 61
250 61
252 61
253 61
50 62
254 62
50 63
258 63
259 63
261 63
261 64
262 64
263 64
265 64
268 65
269 65
271 66
272 66
274 66
274 67
275 67
277 67
371 67
374 67
375 67
376 67
380 67
381 67
382 67
383 67
384 67
385 67
387 67
389 67
390 67
391 67
392 67
394 67
398 67
50 68
277 68
279 68
280 68
281 68
282 68
283 68
284 68
286 68
287 68
363 68
364 68
365 68
366 68
367 68
368 68
370 68
371 68
399 68
400 68
403 68
406 68
287 69
289 69
290 69
291 69
292 69
297 69
300 69
301 69
302 69
303 69
304 69
349 69
350 69
352 69
353 69
356 69
357 69
358 69
360 69
361 69
306 70
308 70
311 70
313 70
314 70
316 70
338 70
339 70
340 70
341 70
345 70
346 70
49 71
318 71
320 71
321 71
322 71
323 71
324 71
325 71
327 71
329 71
332 71
334 71
407 71
49 72
325 72
407 72
49 73
47 74
48 74
407 74
407 75
406 76
404 77
405 77
46 78
402 78
403 78
404 78
45 79
400 79
401 79
402 79
398 80
399 80
400 80
43 81
44 81
393 81
394 81
390 82
391 82
392 82
393 82
386 83
388 83
390 83
42 84
43 84
384 84
42 85
383 85
376 86
41 87
374 87
375 87
376 87
371 88
372 88
374 88
366 89
367 89
369 89
370 89
371 89
365 90
365 91
39 92
365 92
366 92
369 92
370 92
372 92
374 93
375 93
377 93
381 93
383 94
386 94
388 94
389 94
390 94
392 94
394 94
399 94
400 94
401 94
402 94
404 94
405 94
406 94
409 94
411 94
412 94
413 94
414 94
38 95
406 95
407 95
408 95
416 95
417 95
38 96
417 96
418 96
38 97
421 97
421 98
38 99
37 100
38 100
421 100
37 102
421 102
37 103
37 105
37 106
421 106
37 107
420 107
37 108
37 109
417 110
418 110
37 111
415 111
416 111
37 112
411 112
412 112
413 112
415 112
410 113
37 114
403 114
405 114
37 115
394 115
395 115
396 115
397 115
398 115
399 115
400 115
38 116
388 116
389 116
392 116
393 116
382 117
387 117
372 118
373 118
374 118
376 118
379 118
38 119
365 119
366 119
370 119
38 120
357 120
358 120
359 120
360 120
363 120
364 120
38 121
349 121
350 121
351 121
353 121
355 121
346 122
346 123
39 124
342 124
343 124
344 124
337 125
338 125
339 125
40 126
334 126
337 126
41 127
333 127
334 127
41 128
326 128
332 128
324 129
325 129
326 129
321 130
322 130
324 130
320 131
315 132
318 132
42 133
43 134
312 134
313 134
311 135
309 136
305 137
306 137
307 137
43 139
44 139
302 139
303 139
44 140
45 141
298 141
300 141
45 142
297 142
45 143
46 143
295 143
296 143
46 144
47 144
294 144
292 145
293 145
294 145
47 146
291 146
292 146
47 147
48 147
290 147
48 148
49 148
284 149
286 149
287 149
50 151
282 151
283 151
51 153
279 153
52 154
53 154
276 155
278 155
53 156
54 156
54 157
274 157
275 157
55 158
271 158
273 158
269 159
270 159
56 160
57 160
268 160
57 161
58 161
267 161
58 162
267 162
58 163
59 163
267 163
61 164
268 164
62 166
271 167
272 167
64 168
65 168
65 169
66 169
272 169
66 170
274 170
69 171
69 172
71 173
274 173
275 173
73 174
275 174
276 174
74 175
75 175
276 175
277 175
278 176
279 177
279 178
281 178
81 179
82 179
82 180
84 180
283 180
84 181
86 181
284 181
87 182
88 182
284 182
88 183
89 183
89 184
91 184
285 184
91 185
92 185
94 185
96 186
285 186
96 187
97 187
98 187
285 187
99 188
101 188
102 188
203 188
204 188
205 188
206 188
106 189
196 189
197 189
198 189
201 189
203 189
206 189
208 189
285 189
106 190
108 190
111 190
112 190
192 190
194 190
195 190
209 190
210 190
112 191
184 191
185 191
186 191
187 191
210 191
211 191
282 191
283 191
116 192
179 192
180 192
182 192
183 192
211 192
212 192
120 193
121 193
123 193
125 193
126 193
174 193
176 193
281 193
127 194
128 194
129 194
131 194
132 194
164 194
166 194
167 194
168 194
132 195
133 195
135 195
136 195
137 195
138 195
139 195
140 195
141 195
142 195
155 195
156 195
157 195
158 195
159 195
161 195
163 195
164 195
280 195
281 195
143 196
144 196
145 196
146 196
150 196
151 196
154 196
155 196
279 196
280 196
212 197
279 197
278 198
279 198
212 199
278 199
212 200
277 200
211 202
276 202
211 203
275 203
211 204
275 204
274 205
275 205
273 206
274 206
273 207
271 208
272 208
210 209
271 209
270 210
271 210
270 211
209 212
270 212
269 213
209 214
267 214
268 214
208 215
209 215
266 215
266 216
207 218
264 218
265 218
264 219
206 220
206 221
263 221
263 222
206 224
260 224
261 224
260 225
205 226
259 226
205 227
259 227
258 228
259 228
205 229
258 229
204 230
257 230
204 231
256 231
257 231
256 232
255 233
256 233
203 234
254 235
203 236
253 236
254 236
202 237
253 237
201 239
252 239
201 241
250 241
200 242
249 242
250 242
199 243
200 243
249 243
199 244
198 245
199 245
247 245
198 246
247 246
246 247
245 248
246 248
245 249
196 250
244 250
196 251
243 251
244 251
196 252
194 254
195 254
194 255
241 255
242 255
178 256
180 256
183 256
184 256
185 256
193 256
194 256
241 256
178 257
185 257
241 257
178 258
188 258
191 258
240 258
241 258
178 259
192 259
193 259
239 259
179 260
179 261
180 261
239 261
182 262
238 262
169 263
170 263
171 263
173 263
175 263
176 263
177 263
182 263
237 263
167 264
163 265
164 265
236 266
237 266
161 267
162 267
161 268
236 268
235 269
235 270
237 271
239 271
240 271
241 271
243 271
246 273
248 273
164 274
162 275
164 275
248 275
162 276
248 276
162 277
245 277
247 277
160 278
161 278
245 278
167 279
237 279
238 279
239 279
243 279
159 280
164 280
165 280
159 281
163 281
164 281
160 282
162 282
168 282
169 282
171 282
190 282
191 282
192 282
193 282
194 282
227 282
228 282
229 282
230 282
171 283
172 283
173 283
174 283
176 283
177 283
178 283
180 283
182 283
183 283
186 283
188 283
189 283
194 283
224 283
225 283
226 283
188 284
192 284
223 284
224 284
186 285
187 285
188 285
219 285
221 285
185 286
218 286
219 286
216 287
181 288
182 288
213 288
214 288
215 288
181 289
211 289
212 289
208 290
209 290
210 290
181 291
188 291
206 291
207 291
184 292
188 292
199 292
200 292
202 292
204 292
180 293
197 293
198 293
184 294
188 294
193 294
196 294
