28 1
29 1
30 1
31 1
40 1
42 1
27 2
28 2
42 2
26 3
44 3
45 3
45 4
47 4
24 5
48 5
49 5
21 6
22 6
23 6
50 6
52 6
19 7
20 7
21 7
52 7
18 8
54 8
16 9
55 9
14 10
15 10
55 10
56 10
13 11
14 11
11 12
58 12
59 12
7 13
8 13
9 13
60 13
60 14
5 15
6 15
60 15
61 15
3 16
62 16
3 17
62 17
2 18
63 18
2 19
63 19
64 19
1 20
64 20
65 21
65 22
66 23
1 26
2 26
67 26
2 27
2 28
68 28
5 29
7 29
8 29
9 29
10 29
70 29
13 30
14 30
15 30
15 31
70 31
71 31
15 32
71 32
15 33
71 33
72 33
16 34
72 34
16 35
72 36
17 37
18 38
18 39
73 39
18 40
73 40
18 41
19 41
73 41
20 42
73 42
20 43
21 43
22 43
73 43
73 44
23 45
24 45
73 45
24 46
25 46
74 46
27 47
27 48
27 49
28 49
28 51
29 51
74 51
29 52
30 52
74 52
31 53
31 54
31 55
31 56
32 57
74 57
33 58
73 58
33 59
34 59
34 60
73 60
34 61
34 62
73 62
34 63
73 63
34 65
33 67
34 67
73 67
33 68
73 69
33 70
33 71
73 71
73 72
32 73
73 74
32 75
73 75
31 76
32 76
75 76
75 77
31 78
30 80
30 81
76 81
77 81
30 82
31 83
31 84
78 84
30 85
80 86
30 87
30 88
81 88
82 89
29 90
83 90
83 91
29 92
28 94
28 95
86 95
87 95
28 96
87 96
27 97
28 97
87 97
88 97
26 98
89 98
90 98
26 99
92 99
26 100
92 100
93 100
94 100
25 101
95 101
97 101
25 102
98 102
99 102
103 102
25 103
103 103
105 103
106 103
23 104
106 104
107 104
108 104
23 105
109 105
111 105
23 106
111 106
112 106
113 106
114 106
22 107
23 107
115 107
116 107
117 107
117 108
118 108
120 108
21 109
121 109
123 109
124 110
125 110
126 111
128 111
20 112
128 112
129 112
130 112
131 112
20 113
131 113
132 113
20 114
20 115
133 115
134 115
20 116
135 116
136 116
139 118
19 119
139 119
141 120
18 121
142 121
143 121
18 122
143 122
144 124
145 124
146 124
147 124
18 125
147 125
148 126
148 127
149 127
18 128
150 128
151 128
152 129
153 129
154 129
18 130
154 130
18 131
154 131
155 131
18 132
156 132
157 132
18 133
157 133
18 134
158 134
19 135
159 135
160 135
19 136
160 136
161 136
162 136
162 137
163 137
19 138
163 138
164 138
19 139
20 139
164 139
20 140
166 140
20 141
167 141
21 142
168 142
169 142
169 143
21 144
171 145
172 145
21 146
173 146
173 147
21 148
175 148
176 148
176 149
177 149
177 150
178 150
22 151
179 151
22 152
179 152
23 153
181 153
24 154
181 154
182 155
183 155
24 156
25 156
183 157
184 157
25 159
185 159
25 160
26 160
185 160
186 160
26 161
187 161
187 162
187 163
27 164
190 165
27 166
28 166
190 166
192 167
192 168
193 168
28 169
29 170
29 171
194 171
195 172
196 172
196 173
32 175
198 175
32 176
198 176
199 176
33 177
33 178
34 178
201 180
202 180
35 181
202 181
203 182
203 183
204 183
37 184
205 184
38 185
38 186
38 187
205 187
38 188
39 188
206 188
207 188
39 189
207 189
207 190
208 190
208 191
209 191
209 193
42 194
210 194
43 195
211 195
44 196
45 196
211 196
213 197
46 198
213 198
214 199
214 200
215 200
216 200
48 201
217 201
48 202
49 202
50 203
218 203
219 203
220 203
50 205
51 205
220 205
221 205
51 206
52 206
221 206
222 206
223 206
52 207
223 207
53 208
224 208
225 208
225 209
226 209
55 210
226 210
55 211
57 211
228 212
58 213
59 213
229 213
60 214
230 214
62 215
231 215
232 215
62 216
64 216
232 216
233 216
234 216
65 217
234 217
235 217
65 218
67 218
68 218
69 218
235 218
236 219
70 220
70 221
72 221
239 221
240 221
241 221
73 222
241 222
73 223
242 223
243 223
244 223
75 224
244 224
245 224
246 224
246 225
247 225
78 226
247 226
249 226
79 227
80 227
250 227
251 227
80 228
251 228
252 228
253 228
82 229
253 229
254 229
256 230
83 231
84 231
85 231
256 231
257 231
85 233
260 233
88 235
263 235
89 236
90 236
263 236
264 236
265 236
90 237
265 237
266 237
90 238
91 238
267 238
92 239
267 239
268 239
269 239
95 240
270 240
96 241
271 241
272 241
96 242
97 242
273 242
98 243
99 243
100 243
273 243
274 243
274 244
275 244
100 245
101 245
159 245
161 245
162 245
163 245
164 245
165 245
276 245
101 246
102 246
166 246
276 246
277 246
159 247
169 247
170 247
172 247
173 247
174 247
175 247
177 247
277 247
278 247
159 248
178 248
180 248
278 248
148 249
149 249
150 249
151 249
152 249
154 249
155 249
156 249
158 249
159 249
180 249
182 249
185 249
280 249
104 250
146 250
147 250
185 250
187 250
188 250
189 250
190 250
280 250
281 250
109 251
146 251
190 251
192 251
193 251
194 251
105 252
108 252
110 252
145 252
195 252
197 252
198 252
281 252
109 253
111 253
198 253
199 253
200 253
202 253
203 253
204 253
109 254
113 254
114 254
145 254
204 254
109 255
145 255
283 255
106 256
109 256
110 256
144 256
145 256
207 256
208 256
107 257
209 257
284 257
285 257
107 258
110 258
111 258
116 258
118 258
144 258
210 258
286 258
107 259
108 259
111 259
112 259
118 259
210 259
286 259
112 260
117 260
210 260
211 260
286 260
108 261
109 261
112 261
143 261
144 261
212 261
287 261
114 262
116 262
213 262
108 263
109 263
116 263
119 263
120 263
142 263
143 263
214 263
288 263
120 264
121 264
142 264
215 264
216 264
108 265
117 265
122 265
123 265
216 265
288 265
107 266
108 266
117 266
141 266
217 266
218 266
122 267
123 267
141 267
219 267
111 268
112 268
115 268
116 268
117 268
120 268
219 268
100 269
101 269
102 269
107 269
110 269
114 269
115 269
120 269
140 269
141 269
220 269
97 270
98 270
99 270
105 270
106 270
120 270
140 270
221 270
93 271
94 271
95 271
110 271
118 271
119 271
123 271
90 272
91 272
121 272
123 272
222 272
223 272
88 273
89 273
90 273
110 273
123 273
139 273
140 273
224 273
87 274
88 274
116 274
117 274
118 274
139 274
224 274
225 274
87 275
111 275
112 275
139 275
225 275
86 276
113 276
116 276
117 276
118 276
139 276
225 276
92 277
93 277
115 277
139 277
227 277
228 277
288 277
86 278
90 278
91 278
92 278
111 278
112 278
115 278
139 278
228 278
288 278
87 279
88 279
94 279
115 279
119 279
139 279
228 279
288 279
92 280
94 280
108 280
109 280
119 280
90 281
91 281
92 281
108 281
119 281
230 281
231 281
286 281
90 282
107 282
108 282
137 282
231 282
232 282
285 282
286 282
88 283
89 283
112 283
114 283
119 283
232 283
111 284
114 284
119 284
234 284
284 284
71 285
78 285
79 285
80 285
81 285
83 285
105 285
106 285
107 285
108 285
109 285
110 285
114 285
116 285
119 285
137 285
283 285
66 286
68 286
69 286
76 286
77 286
83 286
84 286
86 286
87 286
88 286
90 286
93 286
105 286
107 286
135 286
136 286
137 286
234 286
282 286
93 287
96 287
97 287
98 287
99 287
100 287
105 287
107 287
236 287
63 288
64 288
80 288
81 288
83 288
90 288
93 288
105 288
107 288
109 288
131 288
132 288
236 288
237 288
281 288
282 288
61 289
62 289
83 289
90 289
93 289
96 289
97 289
100 289
105 289
110 289
126 289
127 289
129 289
130 289
237 289
279 289
281 289
61 290
80 290
81 290
82 290
93 290
106 290
123 290
237 290
238 290
239 290
279 290
61 291
107 291
121 291
122 291
239 291
240 291
277 291
278 291
279 291
65 292
66 292
68 292
71 292
72 292
107 292
110 292
240 292
241 292
276 292
277 292
61 293
63 293
65 293
72 293
107 293
108 293
109 293
241 293
72 294
97 294
100 294
106 294
107 294
242 294
243 294
274 294
72 295
94 295
95 295
97 295
119 295
120 295
243 295
244 295
274 295
73 296
92 296
93 296
94 296
101 296
102 296
105 296
106 296
107 296
119 296
244 296
246 296
271 296
272 296
74 297
75 297
76 297
77 297
91 297
98 297
100 297
102 297
246 297
247 297
266 297
268 297
269 297
91 298
97 298
100 298
101 298
115 298
117 298
248 298
263 298
264 298
265 298
266 298
78 299
92 299
93 299
113 299
115 299
253 299
257 299
260 299
77 300
109 300
110 300
111 300
77 301
106 301
108 301
101 302
102 302
104 302
105 302
77 303
81 303
82 303
83 303
98 303
