360 2
354 3
356 3
357 3
358 3
360 3
364 3
369 3
349 4
352 4
376 4
347 5
348 5
378 5
378 6
381 7
340 8
341 8
382 8
384 8
340 9
386 9
335 10
336 10
337 10
387 10
333 12
390 12
391 12
331 13
332 13
392 13
331 14
393 14
330 15
328 16
395 16
396 16
325 18
326 18
398 18
398 19
375 20
399 20
322 21
323 21
374 21
376 21
399 21
374 22
375 22
376 22
400 22
321 24
319 25
318 26
317 27
404 27
317 29
404 29
315 30
316 30
314 32
405 32
311 33
405 33
405 34
406 34
311 35
407 35
407 36
378 37
379 37
380 37
381 37
383 37
407 37
409 38
410 38
307 39
381 39
383 39
411 39
411 40
306 41
412 41
414 42
305 43
305 45
415 46
416 46
303 48
302 49
417 49
302 50
417 51
300 53
400 53
401 53
402 53
417 53
396 54
408 54
409 54
411 54
417 54
395 55
413 55
414 55
416 55
294 56
295 56
392 56
255 57
256 57
261 57
262 57
264 57
294 57
390 57
391 57
243 58
245 58
247 58
248 58
265 58
269 58
270 58
271 58
292 58
293 58
294 58
390 58
236 59
238 59
240 59
242 59
271 59
275 59
292 59
390 59
234 60
277 60
279 60
281 60
285 60
286 60
291 60
226 62
228 62
229 62
217 63
218 63
221 63
383 63
383 64
205 65
206 65
382 65
201 66
202 66
203 66
204 66
199 67
381 67
379 68
184 69
188 69
377 69
379 69
182 70
184 70
347 70
176 71
375 71
170 72
221 72
222 72
223 72
346 72
349 72
375 72
167 73
223 73
221 74
349 74
351 74
372 74
161 75
371 75
160 76
157 77
159 77
370 77
369 78
152 79
150 80
146 81
369 81
143 83
369 83
139 84
208 84
210 84
211 84
212 85
206 86
211 86
135 87
208 87
209 87
369 87
131 89
128 90
127 91
370 91
126 92
124 93
219 93
121 94
122 94
218 94
223 94
216 95
217 95
221 95
222 95
223 95
119 96
214 96
115 97
217 97
370 97
114 98
115 98
111 99
110 100
111 100
106 102
108 102
101 105
369 105
100 106
369 106
100 107
369 107
96 109
91 111
369 112
88 113
87 114
88 114
368 114
86 116
355 116
84 117
353 117
354 117
355 117
368 117
82 118
368 118
82 119
368 119
80 120
367 120
366 121
74 127
364 127
71 129
363 129
70 130
71 130
363 130
363 131
69 132
67 133
68 133
362 133
363 133
66 135
65 136
66 136
64 137
65 137
63 138
359 139
60 140
62 140
358 140
358 141
59 142
59 143
355 144
57 145
354 145
56 147
54 148
53 149
351 150
52 151
351 151
349 152
347 154
343 156
47 157
343 157
45 159
46 159
124 160
340 160
124 161
339 161
340 161
44 162
43 163
43 164
339 164
41 167
335 169
335 170
39 171
333 171
334 171
37 172
333 172
332 173
37 174
36 175
35 176
34 178
35 178
33 179
327 179
328 179
33 180
327 180
325 181
326 181
327 181
324 184
30 185
322 185
323 185
29 187
320 187
28 190
318 190
319 190
27 191
28 191
316 191
317 191
316 192
27 193
26 194
26 195
314 195
315 195
313 196
23 199
24 199
311 199
23 201
310 201
306 202
225 205
20 206
221 206
20 207
20 208
220 208
222 208
223 208
226 208
302 208
20 209
299 209
19 210
299 210
19 211
299 211
298 212
244 213
245 213
249 213
297 213
17 214
18 214
243 214
296 214
196 215
197 215
239 215
248 215
249 215
17 216
194 216
195 216
198 216
246 216
247 216
295 216
243 217
245 217
193 218
235 218
236 218
241 218
238 219
241 219
291 219
292 219
236 220
237 220
238 220
289 221
289 222
14 223
13 227
284 227
279 230
280 230
12 231
204 231
279 231
276 232
278 232
206 233
275 233
275 235
186 237
9 238
112 238
114 238
182 238
184 238
114 239
180 239
181 239
182 239
99 240
101 240
114 240
178 240
179 240
270 240
114 241
176 241
177 241
178 241
183 241
100 242
175 242
267 242
8 243
177 243
179 243
267 243
263 245
87 246
88 246
88 247
6 248
260 248
6 249
6 250
157 250
158 250
258 250
6 251
155 251
255 251
258 251
6 252
156 253
6 254
251 254
250 255
251 255
5 256
4 259
5 259
246 259
4 260
3 262
243 262
3 263
3 265
239 265
238 266
2 267
56 267
58 267
59 267
60 267
61 267
65 267
66 267
68 267
69 267
238 267
54 268
75 268
236 268
46 270
78 270
79 270
80 270
44 271
82 271
234 271
235 271
42 272
44 272
84 272
88 272
233 272
234 272
1 273
41 273
89 273
232 273
39 274
41 274
38 275
39 275
230 275
230 276
1 277
37 277
228 277
36 278
96 278
97 278
34 279
35 279
99 279
226 279
227 279
228 279
34 280
226 280
34 281
225 281
32 282
4 283
103 283
4 284
103 284
221 284
223 284
4 285
6 285
7 285
10 285
11 285
25 285
221 285
14 286
15 286
16 286
23 286
219 287
218 288
218 289
105 292
216 293
108 294
214 294
108 295
214 295
108 297
213 297
108 299
210 300
107 302
143 302
132 303
137 303
138 303
139 303
140 303
143 303
144 303
146 303
209 303
107 304
127 304
129 304
132 304
149 304
150 304
151 304
155 304
209 304
210 304
126 305
159 305
161 305
162 305
125 306
164 306
211 306
165 307
166 307
167 307
125 308
174 309
176 309
124 310
178 310
180 310
124 311
184 311
185 311
187 311
108 312
123 312
188 312
213 312
214 312
215 312
190 313
108 314
216 314
194 316
122 317
195 317
219 317
122 318
198 318
219 318
107 319
122 319
198 319
220 319
221 319
199 320
201 320
222 320
107 321
122 322
203 322
223 322
106 323
106 324
121 324
204 324
206 324
225 324
105 325
227 326
228 326
121 327
229 327
209 328
209 329
233 331
104 332
121 332
233 332
277 332
278 332
283 332
286 332
287 332
120 333
212 333
275 333
277 333
287 333
289 333
103 334
104 334
120 334
273 334
275 334
292 334
120 335
214 335
271 335
292 335
215 336
216 336
239 336
293 336
119 337
120 337
216 337
217 338
229 338
230 338
231 338
239 338
241 338
267 338
268 338
102 339
264 339
289 339
290 339
119 340
236 340
263 340
264 340
284 340
285 340
234 341
244 341
102 342
220 342
221 342
259 342
260 342
284 342
222 343
256 343
284 343
101 344
112 344
113 344
119 344
253 344
254 344
279 344
280 344
223 345
275 345
276 345
278 345
112 346
241 346
273 346
120 348
239 348
242 348
277 348
278 348
279 348
280 348
281 348
282 348
285 348
310 348
313 348
120 349
121 349
240 349
242 349
289 349
290 349
292 349
293 349
294 349
302 349
307 349
308 349
313 349
121 350
314 350
121 351
122 351
316 351
228 352
319 352
122 353
95 354
302 354
322 354
139 355
142 355
144 355
146 355
147 355
148 355
153 355
323 355
94 356
137 356
139 356
156 356
323 356
324 356
93 357
129 357
136 357
227 357
159 358
159 359
225 359
325 360
326 360
224 361
225 361
268 361
274 361
276 361
278 361
279 361
285 361
288 361
289 361
294 361
299 361
98 362
111 362
268 362
317 362
224 363
239 363
268 363
269 363
308 363
326 363
92 364
108 364
111 364
155 364
160 364
161 364
223 364
239 364
269 364
270 364
271 364
311 364
323 364
326 364
101 365
152 365
223 365
236 365
237 365
323 365
324 365
102 366
108 366
109 366
110 366
150 366
223 366
236 366
273 366
102 367
146 367
148 367
230 367
232 367
243 367
246 367
248 367
249 367
276 367
103 368
104 368
230 368
276 368
147 369
223 369
228 369
229 369
254 369
162 370
164 370
166 370
169 370
170 370
255 370
278 370
104 371
171 371
172 371
173 371
224 371
228 371
256 371
257 371
119 372
175 372
224 372
258 372
283 372
118 373
121 373
122 373
125 373
128 373
225 373
226 373
227 373
260 373
286 373
287 373
105 374
106 374
118 374
119 374
128 374
129 374
177 374
178 374
263 374
265 375
290 375
292 375
119 376
131 376
132 376
133 376
179 376
267 376
292 376
133 377
135 377
180 377
271 377
107 378
135 378
181 378
272 378
296 378
139 379
142 379
171 379
273 379
143 380
146 380
148 380
151 380
173 380
174 380
297 380
177 381
276 381
277 381
297 381
108 382
123 382
155 382
156 382
168 382
177 382
178 382
124 383
125 383
157 383
158 383
159 383
161 383
162 383
164 383
166 383
179 383
298 383
127 384
281 384
291 384
299 384
110 385
111 385
282 385
289 385
128 386
287 386
288 386
293 386
112 387
295 387
113 388
129 389
295 389
296 389
300 389
114 390
114 391
296 391
299 391
115 392
131 392
131 393
117 395
118 395
131 395
118 396
119 396
123 396
119 397
120 397
121 397
132 397
125 398
132 398
132 400
126 401
126 403
127 403
131 403
127 404
127 405
