188 14
185 15
186 15
188 15
189 15
190 15
191 15
192 15
186 16
194 16
197 16
199 16
183 17
184 17
195 17
202 18
203 18
205 18
206 18
207 18
181 19
182 19
208 19
210 19
211 19
212 19
214 19
215 19
216 19
218 19
181 20
218 21
219 21
220 21
181 22
221 22
180 23
223 23
225 24
180 25
182 25
225 25
182 26
226 26
183 27
184 27
226 27
227 27
184 28
185 28
227 28
228 28
187 29
187 30
228 30
186 31
228 32
189 33
230 33
188 34
189 34
230 34
187 35
187 36
231 36
186 37
186 38
186 39
186 40
232 40
233 41
185 42
186 42
233 43
233 44
185 45
233 45
184 46
233 46
184 47
186 48
186 49
233 49
234 49
186 50
185 51
186 51
233 51
234 51
187 52
233 52
234 52
186 53
233 53
233 54
233 55
185 57
232 57
233 57
185 59
232 59
232 60
186 61
185 62
185 63
184 64
185 65
185 66
231 67
231 68
182 69
183 69
230 69
182 70
182 71
181 72
178 73
179 73
180 73
229 73
178 74
177 75
178 75
229 75
175 76
228 76
229 76
174 77
175 77
227 77
228 77
173 78
174 78
171 79
172 79
173 79
226 79
170 80
171 80
168 81
224 81
167 82
168 82
167 83
224 83
166 84
165 85
221 85
222 85
223 85
163 86
164 86
165 86
221 86
162 87
163 87
220 87
162 88
219 88
160 89
161 89
218 89
158 90
159 90
217 90
156 91
157 91
158 91
216 91
156 92
216 92
154 93
155 93
213 93
214 93
215 93
150 94
151 94
153 94
212 94
213 94
147 95
145 96
147 96
210 96
212 96
141 98
143 98
144 98
141 99
208 99
210 99
208 100
138 101
139 101
138 102
136 103
206 103
205 104
132 106
204 107
205 107
129 108
130 108
204 108
204 109
129 110
204 110
203 111
127 112
203 112
125 113
126 113
203 113
124 114
125 114
203 114
124 115
202 115
203 115
124 116
123 117
124 117
123 119
202 120
122 121
202 121
201 123
202 123
120 124
121 124
119 125
201 125
202 125
119 126
117 127
118 127
119 127
201 128
118 129
202 129
116 130
117 130
201 130
116 132
202 132
115 133
116 134
115 135
203 135
203 137
204 137
113 138
205 138
205 139
113 140
111 142
207 142
112 143
207 143
208 143
209 143
111 144
111 145
209 145
210 145
109 147
110 147
109 148
109 149
108 150
213 151
109 152
214 154
215 154
108 155
109 155
215 155
108 157
216 157
107 158
108 158
108 159
106 160
107 160
108 160
219 161
220 162
107 163
221 164
107 165
221 165
106 166
107 166
106 167
222 167
223 167
106 168
223 168
223 169
223 170
225 170
105 171
105 172
224 172
225 173
226 173
104 174
105 174
225 174
105 175
225 175
104 176
227 177
226 179
226 180
227 180
104 182
227 182
228 182
104 183
227 183
227 184
228 184
104 187
228 187
229 187
104 188
103 189
104 189
228 189
229 189
229 190
103 191
104 192
228 192
229 192
230 192
103 193
230 194
104 195
230 195
103 196
104 196
230 196
104 197
230 197
104 198
231 198
232 198
231 200
231 202
105 203
106 203
106 204
232 205
106 206
107 207
232 207
107 208
232 208
107 209
233 209
233 210
108 212
108 213
233 214
234 214
108 215
233 215
109 216
233 216
234 216
234 217
235 217
109 218
110 218
234 218
110 220
111 220
234 220
235 221
111 222
111 223
235 223
235 225
236 225
111 226
112 227
236 227
112 229
236 229
112 230
112 231
113 231
113 232
236 233
237 233
112 235
113 236
236 236
237 236
112 237
236 237
113 238
114 239
236 239
113 240
113 241
237 241
236 242
113 243
114 243
236 243
114 244
236 244
235 245
114 246
235 246
236 247
237 247
116 249
236 249
116 251
236 252
237 253
235 254
117 255
236 255
116 256
117 256
235 256
236 258
115 259
235 259
114 260
57 261
60 261
115 261
236 261
56 262
57 262
59 262
61 262
63 262
235 262
56 263
63 263
67 263
117 263
119 263
236 263
55 264
65 264
67 264
117 264
69 265
113 265
69 266
59 267
60 267
61 267
85 267
86 267
87 267
89 267
91 267
92 267
93 267
112 267
113 267
115 267
119 267
62 268
71 268
84 268
85 268
93 268
121 268
235 268
62 269
73 269
74 269
83 269
95 269
96 269
112 269
116 269
122 269
235 269
236 269
74 270
84 270
85 270
111 270
112 270
122 270
235 270
74 271
76 271
85 271
87 271
88 271
98 271
100 271
115 271
116 271
121 271
235 271
76 272
86 272
101 272
111 272
112 272
115 272
61 273
63 273
72 273
74 273
88 273
103 273
120 273
235 273
72 274
75 274
77 274
82 274
83 274
87 274
89 274
103 274
104 274
114 274
115 274
121 274
234 274
235 274
72 275
75 275
78 275
82 275
87 275
88 275
89 275
104 275
105 275
106 275
115 275
117 275
121 275
64 276
117 276
118 276
234 276
107 277
109 277
117 277
118 277
234 277
82 278
115 278
118 278
119 278
234 278
64 279
65 279
80 279
111 279
62 280
63 280
106 280
112 280
114 280
115 280
233 280
61 281
62 281
80 281
84 281
105 281
106 281
113 281
119 281
120 281
60 282
61 282
80 282
82 282
87 282
233 282
61 283
87 283
88 283
100 283
101 283
102 283
106 283
112 283
116 283
117 283
119 283
120 283
233 283
234 283
61 284
85 284
88 284
102 284
103 284
110 284
111 284
112 284
115 284
117 284
118 284
119 284
63 285
64 285
65 285
87 285
97 285
98 285
99 285
110 285
65 286
76 286
77 286
97 286
104 286
106 286
110 286
114 286
115 286
116 286
145 286
146 286
148 286
232 286
65 287
66 287
77 287
79 287
93 287
107 287
108 287
109 287
114 287
147 287
151 287
232 287
67 288
75 288
81 288
92 288
93 288
96 288
100 288
105 288
114 288
115 288
116 288
143 288
152 288
75 289
77 289
81 289
82 289
83 289
84 289
91 289
94 289
95 289
97 289
99 289
100 289
106 289
141 289
142 289
143 289
153 289
232 289
68 290
69 290
70 290
75 290
76 290
77 290
78 290
80 290
93 290
94 290
95 290
101 290
102 290
107 290
155 290
156 290
162 290
232 290
233 290
70 291
71 291
79 291
92 291
101 291
102 291
108 291
140 291
141 291
156 291
159 291
160 291
162 291
233 291
81 292
82 292
84 292
91 292
101 292
107 292
108 292
139 292
157 292
158 292
164 292
74 293
84 293
91 293
95 293
101 293
138 293
139 293
158 293
159 293
164 293
165 293
233 293
74 294
84 294
87 294
91 294
102 294
104 294
106 294
133 294
134 294
135 294
136 294
165 294
233 294
234 294
76 295
91 295
92 295
93 295
135 295
165 295
77 296
87 296
89 296
132 296
133 296
166 296
233 296
78 297
81 297
129 297
166 297
167 297
234 297
81 298
83 298
167 298
168 298
83 299
84 299
85 299
127 299
128 299
169 299
233 299
234 299
85 300
126 300
128 300
170 300
89 301
105 301
106 301
126 301
170 301
235 301
89 302
91 302
101 302
103 302
234 302
91 303
95 303
107 303
109 303
172 303
173 303
99 304
109 304
110 304
120 304
121 304
122 304
173 304
234 304
235 304
110 305
111 305
120 305
111 306
112 306
113 306
114 306
118 306
119 306
175 307
175 308
177 309
178 309
235 309
236 310
177 311
178 311
179 311
235 311
235 312
180 313
181 313
235 313
236 313
236 314
181 315
182 316
183 316
236 316
183 317
184 317
184 318
236 318
237 318
184 319
186 320
237 320
186 321
237 321
186 322
187 322
237 322
188 323
189 323
237 323
238 323
238 324
239 324
190 325
239 326
239 327
240 327
190 328
191 328
240 328
240 329
191 330
190 331
191 331
241 331
241 333
190 334
241 334
191 335
242 336
191 337
243 337
243 338
244 339
191 340
244 340
191 341
192 342
244 342
192 343
245 343
192 344
192 345
246 345
192 347
246 347
193 348
246 349
193 350
246 350
246 351
247 351
248 351
192 353
247 353
248 353
192 354
247 354
192 355
247 355
192 356
249 356
191 358
192 358
193 358
249 359
192 360
249 360
250 361
192 362
192 363
250 363
192 364
250 364
250 365
192 366
192 367
193 367
250 367
193 368
250 368
192 369
251 371
192 372
193 372
251 372
250 373
250 374
191 375
192 375
193 375
250 375
193 376
250 376
250 378
193 379
249 379
192 380
193 381
194 381
249 381
249 382
250 382
193 383
194 383
193 384
194 384
249 384
248 385
195 386
248 386
249 386
195 387
247 387
248 387
247 388
195 389
196 389
246 390
196 391
198 391
245 391
199 392
199 393
200 393
243 393
202 396
203 396
204 396
205 397
241 397
207 398
238 398
239 398
208 399
209 399
236 399
237 399
210 400
213 400
232 400
233 400
212 401
223 401
224 401
225 401
229 401
216 402
220 402
221 402
223 402
228 402
223 403
