260 1
263 1
265 1
266 1
267 1
268 1
270 1
271 1
272 1
273 1
274 1
275 1
276 1
282 1
244 2
252 2
253 2
255 2
256 2
259 2
290 3
243 4
244 4
290 5
290 6
241 7
242 7
240 8
240 9
239 10
240 10
290 10
238 11
237 12
238 12
236 14
237 14
235 15
290 15
234 16
290 16
290 17
233 18
234 18
290 18
232 19
233 19
290 19
232 20
290 20
231 21
230 22
231 22
290 23
291 23
229 24
228 25
229 25
291 25
227 26
228 26
291 26
227 28
226 29
291 29
224 30
291 30
291 31
223 32
291 32
222 33
291 33
221 34
222 34
291 34
291 35
222 36
291 36
291 37
222 39
291 39
339 39
337 40
338 40
224 41
291 41
331 41
342 41
328 42
342 42
291 43
325 43
327 43
328 43
343 43
291 44
321 44
324 44
225 45
318 45
320 45
343 45
225 46
226 46
291 46
314 46
316 46
317 46
226 47
313 47
314 47
291 48
308 48
311 48
344 48
227 49
305 49
291 50
301 50
302 50
345 50
227 51
291 51
297 51
298 51
300 51
228 52
291 52
296 52
297 52
345 52
228 53
291 53
294 53
229 54
229 55
346 55
347 55
229 56
347 56
230 57
347 57
347 58
348 58
230 59
231 60
348 60
231 61
349 62
349 63
349 64
350 64
233 65
350 66
234 67
351 67
234 68
351 68
351 70
352 70
352 71
236 72
352 72
352 73
236 74
237 74
353 74
237 75
353 76
238 77
238 78
239 79
355 79
239 81
355 81
238 82
239 82
355 82
237 83
237 84
354 84
236 85
237 85
354 85
352 86
235 87
236 87
351 87
234 88
234 89
351 89
234 90
350 90
233 91
348 91
232 92
231 93
232 93
347 93
230 94
346 94
347 94
230 95
346 95
229 96
344 96
229 97
344 97
228 98
343 98
228 99
342 99
227 100
341 100
342 100
226 101
275 101
277 101
278 101
279 101
341 101
225 102
226 102
275 102
281 102
282 102
284 102
340 102
225 103
273 103
274 103
287 103
339 103
340 103
225 104
288 104
289 104
290 104
291 104
339 104
272 105
292 105
295 105
337 105
338 105
223 106
271 106
272 106
295 106
296 106
297 106
299 106
222 107
223 107
270 107
271 107
299 107
301 107
302 107
336 107
337 107
222 108
302 108
306 108
335 108
221 109
269 109
270 109
307 109
310 109
220 110
221 110
268 110
311 110
312 110
313 110
314 110
334 110
220 111
268 111
316 111
317 111
220 112
267 112
268 112
317 112
319 112
333 112
219 113
266 113
267 113
322 113
323 113
332 113
266 114
325 114
326 114
327 114
328 114
330 114
217 115
218 115
265 115
266 115
329 115
216 116
264 116
216 117
216 118
215 119
263 119
262 120
213 121
214 121
262 121
213 122
260 122
212 123
260 123
211 124
212 124
211 125
258 125
258 126
209 127
257 127
258 127
256 128
257 128
208 129
256 129
208 130
256 130
207 131
254 131
255 131
206 133
253 133
252 134
253 134
204 135
205 135
251 136
252 136
204 137
251 137
203 138
249 139
250 139
202 140
248 140
201 141
247 142
199 143
200 143
247 143
199 144
245 144
246 144
245 145
197 146
244 146
197 148
243 148
196 149
242 149
242 150
194 151
194 152
240 152
241 152
193 153
192 154
192 155
238 156
237 157
189 158
190 158
237 158
189 159
235 159
188 160
235 160
188 161
187 162
234 162
187 163
232 164
185 165
232 165
184 166
185 166
230 167
231 167
229 168
182 169
183 169
228 170
229 170
181 172
181 173
226 173
225 174
179 175
225 175
179 176
177 177
177 178
222 178
176 179
177 179
222 179
175 180
221 180
220 181
221 181
174 182
220 182
173 183
174 183
220 183
218 184
219 184
172 185
173 185
218 185
172 187
170 189
169 190
214 190
215 190
169 191
214 191
168 192
213 192
214 192
212 193
213 193
166 194
212 194
166 195
211 195
212 195
165 196
166 196
210 196
165 197
164 198
165 198
209 198
163 199
208 199
163 200
208 200
207 201
162 202
206 202
207 202
161 203
206 203
205 204
206 204
205 205
159 206
204 206
158 207
159 207
203 207
158 208
202 208
157 209
202 209
156 210
156 211
200 211
201 211
155 212
156 212
199 212
200 212
154 213
155 213
154 214
153 215
154 215
198 215
152 216
153 216
197 216
152 217
196 217
151 218
150 219
195 219
150 220
193 221
149 222
193 222
149 223
147 224
147 225
191 225
147 226
190 226
191 226
145 227
189 227
145 228
188 229
189 229
187 230
188 230
143 231
186 232
187 232
142 233
185 233
186 233
185 234
141 235
184 235
185 235
139 237
140 237
139 238
182 238
138 240
136 241
181 241
136 242
179 242
180 242
179 243
135 244
178 244
179 244
177 246
133 247
176 247
177 247
132 248
176 248
131 249
132 249
131 250
173 251
174 251
129 252
130 252
129 253
172 253
128 254
172 254
127 255
127 256
170 256
126 257
127 257
169 257
170 257
126 258
169 258
125 259
126 259
168 259
125 260
167 260
124 261
167 261
123 262
124 262
166 262
122 263
123 263
122 264
165 264
121 265
122 265
120 266
121 266
163 266
120 267
163 267
119 268
161 269
162 269
118 270
161 270
117 271
160 271
117 272
159 272
160 272
116 273
159 273
116 274
158 274
158 275
114 276
157 276
114 277
156 277
113 278
156 278
112 279
113 279
154 279
155 279
111 280
112 280
154 280
153 281
154 281
110 282
111 282
152 282
153 282
110 283
152 283
109 284
110 284
151 284
108 285
151 285
149 286
150 286
107 287
149 287
107 288
149 288
106 289
147 289
148 289
105 290
106 290
147 290
104 291
105 291
147 291
104 292
146 292
103 293
104 293
145 293
144 294
102 295
103 295
144 295
101 296
102 296
101 297
143 297
100 298
141 298
142 298
100 299
99 300
140 300
98 301
139 301
139 302
138 303
139 303
96 304
97 304
137 304
138 304
137 305
95 306
136 306
94 307
95 307
94 308
135 308
94 309
135 309
92 310
133 310
134 310
133 311
92 312
132 312
133 312
90 313
91 313
131 313
89 315
90 315
131 315
89 316
129 316
88 317
129 317
87 318
129 318
87 319
127 319
86 320
87 320
86 321
85 322
125 322
126 322
84 323
83 324
124 324
123 325
124 325
82 326
83 326
82 327
81 328
27 329
28 329
29 329
80 329
121 329
30 330
25 331
31 331
120 331
24 332
25 332
33 332
35 332
78 332
23 333
24 333
35 333
36 333
37 333
78 333
118 333
23 334
77 334
117 334
118 334
22 335
39 335
40 335
76 335
116 335
117 335
21 336
19 337
20 337
43 337
44 337
45 337
115 337
116 337
47 338
75 338
114 338
115 338
17 339
18 339
48 339
49 339
74 339
15 341
16 341
51 341
72 341
113 341
53 342
112 342
13 343
14 343
56 343
71 343
111 343
112 343
59 344
71 344
110 344
111 344
11 345
59 345
60 345
61 345
110 345
10 346
11 346
61 346
62 346
110 346
9 347
63 347
64 347
65 347
108 347
109 347
8 348
65 348
66 348
69 348
108 348
8 349
66 349
68 349
107 349
108 349
106 350
107 350
6 351
4 352
105 352
106 352
4 353
104 353
105 353
3 354
1 355
2 355
103 355
104 355
102 356
103 356
1 357
101 357
102 357
1 359
100 359
101 359
100 360
1 361
2 361
99 361
2 362
2 363
97 363
98 363
2 365
97 365
97 366
97 367
3 368
97 368
98 368
3 369
3 370
98 370
3 371
4 371
98 371
4 372
98 372
4 373
98 373
99 373
4 374
4 375
5 375
5 376
99 376
5 377
99 377
100 377
5 378
100 378
100 379
6 381
6 382
101 383
7 385
101 385
101 386
102 386
7 388
102 388
7 389
102 389
7 390
102 390
11 391
12 391
14 391
15 391
17 391
18 391
19 391
102 391
103 391
20 392
21 392
22 392
23 392
27 392
28 392
29 392
103 392
30 393
31 393
32 393
34 393
35 393
38 393
39 393
40 393
40 394
43 394
44 394
103 394
44 395
104 395
43 396
43 397
43 398
104 398
104 399
42 400
104 400
105 400
42 401
41 402
42 402
41 403
41 404
105 404
106 404
41 405
41 406
40 407
106 407
106 408
39 409
40 409
106 409
39 411
107 412
38 413
107 413
108 413
38 414
108 414
106 415
37 416
105 416
37 417
102 417
103 417
104 417
36 418
37 418
101 418
99 419
36 420
96 421
98 421
35 422
36 422
95 422
96 422
93 423
94 423
35 424
36 424
38 424
39 424
92 424
93 424
40 425
92 425
42 426
90 426
91 426
44 427
46 427
47 427
88 427
89 427
47 428
49 428
86 428
87 428
88 428
49 429
51 429
86 429
53 430
83 430
57 431
82 431
57 432
60 432
81 432
82 432
60 433
63 433
79 433
65 434
77 434
78 434
79 434
66 435
67 435
68 436
76 436
74 437
