261 1
263 1
264 1
265 1
269 1
271 1
272 1
274 1
275 1
278 1
279 1
283 1
284 1
290 1
244 2
245 2
251 2
252 2
253 2
254 2
255 2
256 2
257 2
259 2
290 2
244 3
243 4
291 4
292 4
242 6
293 6
241 7
242 7
240 8
241 8
240 9
293 9
294 9
239 10
238 11
294 11
237 12
238 12
295 12
295 13
236 14
235 15
296 15
297 16
234 17
233 18
234 18
298 18
298 19
232 20
231 21
230 22
231 22
229 23
230 23
299 23
300 23
229 24
300 24
228 25
229 25
300 25
301 25
228 26
301 26
226 27
227 27
301 27
226 28
301 28
225 29
226 29
224 30
225 30
303 30
223 32
221 34
222 34
304 34
221 35
304 35
306 35
308 35
310 35
311 36
313 36
314 36
315 36
317 36
318 36
222 37
324 37
325 37
328 37
330 37
222 38
331 38
332 38
333 38
334 38
336 38
339 38
340 38
223 39
341 39
223 40
342 40
342 42
224 43
342 43
224 44
225 44
343 44
225 45
343 45
225 46
343 46
344 46
344 47
226 48
344 48
345 50
228 51
345 51
228 52
345 52
346 52
228 53
346 53
228 54
229 54
346 54
229 55
229 56
347 56
347 57
347 58
230 59
231 60
348 60
231 61
232 61
349 61
232 62
349 62
233 64
349 64
350 64
233 65
234 66
350 66
234 67
350 67
351 67
234 68
351 68
234 69
235 70
351 70
236 71
352 71
236 73
353 73
236 74
237 74
353 74
238 76
354 76
354 77
238 79
239 79
354 79
239 80
355 80
355 81
239 82
355 82
348 83
350 83
351 83
352 83
353 83
341 84
344 84
345 84
347 84
236 85
334 85
336 85
337 85
338 85
339 85
340 85
341 85
328 86
329 86
330 86
331 86
333 86
321 87
322 87
323 87
324 87
325 87
326 87
327 87
235 88
315 88
316 88
318 88
320 88
321 88
234 89
308 89
309 89
311 89
314 89
233 90
234 90
306 90
307 90
308 90
302 91
304 91
305 91
299 92
300 92
301 92
302 92
297 93
298 93
230 94
231 94
296 94
290 95
292 95
293 95
229 96
230 96
288 96
289 96
229 97
285 97
287 97
228 98
281 98
283 98
227 99
228 99
279 99
227 100
275 100
276 100
277 100
278 100
274 101
225 102
226 102
224 104
225 104
273 104
224 105
223 106
271 106
272 106
223 107
271 107
221 108
222 108
270 108
220 110
221 110
268 110
219 112
268 112
219 113
266 113
218 114
266 114
217 115
265 115
266 115
216 116
264 116
265 116
215 118
216 118
263 118
214 119
215 119
263 119
214 120
213 121
262 121
212 122
261 122
260 123
211 125
259 125
210 126
258 126
210 127
209 128
256 128
257 128
209 129
208 130
207 131
254 131
206 132
207 132
254 132
205 133
206 133
253 133
254 133
205 134
252 134
253 134
204 135
204 136
251 136
252 136
203 137
204 137
203 138
249 138
202 139
249 139
201 140
202 140
248 140
200 141
201 141
247 141
247 142
199 143
246 143
198 144
245 145
197 146
245 146
196 147
197 147
196 148
243 149
241 150
242 150
194 151
241 151
194 152
241 152
193 153
240 153
193 154
239 154
191 156
237 156
190 157
237 157
189 158
236 158
237 158
189 159
235 159
236 159
188 160
189 160
235 161
187 162
234 162
186 163
187 163
233 163
185 165
186 165
231 165
232 165
184 167
230 167
231 167
230 168
182 169
183 169
182 170
181 171
182 171
227 171
228 171
226 172
227 172
179 174
180 174
226 174
179 175
224 175
225 175
179 176
224 176
177 177
178 177
223 178
176 179
177 179
222 179
176 180
175 181
220 181
174 182
175 182
220 182
173 183
174 183
219 183
173 184
219 184
172 185
173 185
172 186
172 187
216 187
170 188
171 188
216 188
170 189
215 189
216 189
169 190
170 190
214 190
168 191
214 191
168 192
214 192
212 193
213 193
166 194
212 194
166 195
211 195
212 195
165 196
166 196
210 196
211 196
164 198
165 198
209 198
210 198
163 199
208 199
209 199
163 200
208 200
162 201
208 201
161 202
162 202
207 202
161 203
206 203
160 204
205 204
159 205
160 205
205 205
204 206
158 207
159 207
203 207
157 208
201 209
156 210
157 210
201 210
156 211
200 211
155 212
156 212
200 212
154 213
155 213
199 213
153 215
154 215
197 215
198 215
153 216
152 217
196 217
197 217
195 218
150 219
195 219
194 220
149 221
193 221
194 221
149 223
148 224
191 224
192 224
147 226
190 226
145 227
146 227
189 227
145 228
144 229
145 229
188 229
143 230
144 230
187 230
143 231
187 231
186 232
186 233
185 234
140 235
141 235
185 235
140 236
183 236
184 236
139 237
139 238
182 238
183 238
138 239
181 239
138 240
181 240
136 241
137 241
180 241
181 241
179 242
135 243
134 244
135 244
178 244
134 245
178 245
133 246
134 246
176 246
132 248
133 248
131 249
132 249
175 249
174 250
173 251
174 251
129 252
173 252
129 253
128 254
129 254
171 254
172 254
128 255
171 255
127 256
126 257
169 257
168 258
169 258
125 260
167 260
168 260
124 261
167 261
166 262
122 263
123 263
166 263
122 264
165 264
121 265
164 265
120 266
164 266
162 267
163 267
118 269
119 269
160 270
161 270
118 271
160 271
160 272
117 273
158 273
159 273
115 274
115 275
157 275
158 275
115 276
156 276
156 277
155 279
111 280
154 280
153 281
153 282
152 283
109 284
110 284
108 285
109 285
151 285
108 286
149 286
150 286
107 287
107 288
147 289
106 290
104 291
105 291
146 291
147 291
146 292
104 293
145 293
103 294
144 294
101 296
143 297
100 298
101 298
141 298
99 299
141 299
99 300
140 300
141 300
98 301
99 301
140 301
98 302
139 302
138 303
139 303
97 304
138 304
137 305
137 306
94 307
95 307
136 307
135 308
93 309
134 309
93 310
134 310
92 311
133 311
92 312
132 312
133 312
90 313
131 313
132 313
89 315
90 315
130 315
131 315
88 316
129 316
130 316
88 317
129 317
87 318
88 318
128 318
129 318
87 319
127 319
86 320
126 320
85 321
126 322
84 323
85 323
124 323
83 324
123 325
124 325
122 326
123 326
122 328
27 329
120 329
121 329
30 330
31 330
79 330
80 330
120 330
31 331
79 331
119 331
120 331
25 332
34 332
35 332
78 332
24 333
35 333
36 333
118 333
23 334
37 334
39 334
77 334
78 334
39 335
40 335
41 335
116 335
117 335
20 336
41 336
42 336
76 336
19 337
20 337
45 337
75 337
76 337
115 337
19 338
45 338
46 338
75 338
17 339
18 339
47 339
48 339
49 339
74 339
114 339
49 340
50 340
74 340
114 340
15 341
16 341
52 341
53 341
72 341
73 341
112 341
113 341
15 342
53 342
54 342
72 342
112 342
57 343
71 343
111 343
12 344
13 344
57 344
59 344
110 344
59 345
60 345
61 345
70 345
71 345
11 346
62 346
63 346
69 346
110 346
10 347
63 347
64 347
65 347
69 347
68 348
108 348
8 349
66 349
67 349
107 349
108 349
6 350
7 350
106 350
6 351
106 351
4 352
105 352
4 353
2 354
103 354
2 355
103 355
1 356
102 356
103 356
1 357
101 357
102 357
1 358
1 359
1 360
100 360
1 361
99 361
2 362
2 363
97 363
98 363
97 364
97 365
2 366
3 366
3 367
3 368
97 368
98 368
3 369
98 370
3 371
4 371
4 372
98 372
99 373
4 374
99 374
4 375
99 376
99 377
5 378
100 378
100 379
6 380
100 380
100 382
6 383
7 385
101 385
102 386
102 387
102 388
7 389
102 389
7 390
9 390
10 390
102 390
10 391
13 391
14 391
15 391
16 391
17 391
20 391
102 391
103 391
21 392
22 392
23 392
24 392
25 392
26 392
29 392
30 392
103 392
32 393
33 393
35 393
36 393
37 393
39 393
40 393
42 394
43 394
44 394
103 394
44 395
103 395
104 397
43 398
42 399
43 399
42 400
104 400
105 400
41 402
105 402
41 403
105 404
106 404
41 405
106 405
41 406
106 406
40 407
106 407
40 408
106 408
39 409
40 409
106 409
107 409
39 410
107 410
39 411
107 411
39 412
38 413
108 413
38 414
37 415
37 416
104 416
37 417
104 417
36 418
37 418
102 418
99 419
100 419
101 419
36 420
98 420
99 420
96 421
98 421
35 423
93 423
95 423
35 424
38 424
92 424
93 424
39 425
41 425
42 425
91 425
42 426
44 426
89 426
90 426
46 427
48 428
86 428
88 428
49 429
52 429
85 429
86 429
52 430
53 430
55 430
83 430
55 431
56 431
57 431
83 431
57 432
58 432
60 432
81 432
61 433
62 433
63 433
79 433
80 433
64 434
77 434
78 434
65 435
67 435
76 435
77 435
68 436
69 436
70 436
75 436
76 436
70 437
71 437
72 437
73 437
74 437
