259 1
260 1
261 1
263 1
265 1
266 1
268 1
270 1
272 1
273 1
275 1
277 1
280 1
282 1
284 1
290 1
244 2
245 2
247 2
248 2
249 2
250 2
251 2
252 2
254 2
256 2
258 2
259 2
290 2
291 2
244 4
242 5
292 5
242 6
241 7
242 7
294 9
239 10
240 10
294 10
238 11
237 12
238 12
295 12
237 13
295 13
237 14
296 15
296 16
297 17
233 18
234 18
298 18
232 19
298 19
298 20
231 21
232 21
298 21
231 22
299 22
229 23
230 23
299 23
300 23
301 25
227 26
301 26
301 27
226 28
227 28
226 29
224 30
302 30
303 30
224 32
303 33
304 33
304 34
306 35
310 35
222 36
312 36
313 36
314 36
316 36
317 36
318 36
319 36
321 36
321 37
322 37
323 37
324 37
325 37
326 37
327 37
330 37
222 38
332 38
333 38
334 38
337 38
339 38
223 39
223 40
224 41
224 42
342 42
342 43
343 43
224 44
225 46
226 46
343 46
344 46
226 47
344 48
226 49
344 49
227 50
227 51
228 51
345 52
228 53
228 54
346 54
229 55
346 55
347 55
230 56
347 56
230 58
347 58
348 58
230 59
231 59
231 60
348 60
232 61
232 62
349 62
232 63
349 63
233 64
233 65
350 65
234 66
234 67
350 67
351 67
351 68
234 69
235 69
351 69
235 70
351 70
352 70
235 71
236 71
236 72
352 72
236 73
353 73
236 74
237 74
238 76
353 76
354 76
238 77
354 77
238 79
239 79
355 80
238 81
239 81
355 81
237 82
238 82
237 83
354 83
235 84
236 84
354 84
233 85
235 85
353 85
354 85
232 86
351 87
352 87
230 88
231 88
351 88
230 89
351 89
227 90
228 90
350 90
226 91
348 91
226 92
224 93
225 93
347 93
223 94
224 94
220 96
344 96
219 97
220 97
218 98
343 98
216 99
217 99
342 99
343 99
215 100
216 100
341 100
342 100
277 101
278 101
280 101
341 101
213 102
273 102
280 102
282 102
284 102
340 102
213 103
339 103
340 103
210 104
211 104
271 104
287 104
288 104
289 104
290 104
339 104
269 105
270 105
291 105
292 105
294 105
337 105
338 105
208 106
209 106
269 106
337 106
267 107
268 107
302 107
206 108
207 108
266 108
267 108
302 108
304 108
305 108
306 108
335 108
336 108
204 109
205 109
265 109
306 109
308 109
309 109
334 109
335 109
263 110
264 110
310 110
311 110
313 110
333 110
203 111
262 111
263 111
315 111
316 111
333 111
261 112
318 112
319 112
321 112
199 113
201 113
261 113
321 113
324 113
332 113
258 114
259 114
325 114
326 114
327 114
328 114
331 114
197 115
198 115
329 115
256 116
195 117
196 117
256 117
192 119
253 119
254 119
192 120
252 120
253 120
190 121
250 121
251 121
188 122
187 123
188 123
247 124
245 125
246 125
247 125
185 126
182 127
183 127
243 127
244 127
242 128
243 128
242 129
179 130
180 130
240 130
238 131
240 131
176 132
178 132
237 132
238 132
175 133
237 133
174 134
175 134
236 134
173 135
234 135
235 135
173 136
232 136
171 137
231 137
169 138
170 138
230 138
231 138
168 139
230 139
167 140
165 141
166 141
167 141
227 141
165 142
225 142
227 142
164 143
224 143
162 144
224 144
161 145
162 145
222 145
223 145
159 146
160 146
158 147
221 147
158 148
218 148
156 149
157 149
154 150
156 150
216 150
153 151
154 151
215 151
216 151
152 152
214 152
212 153
213 153
151 154
211 154
212 154
148 155
149 155
211 155
147 156
148 156
209 156
146 157
147 157
208 157
209 157
146 158
206 158
207 158
208 158
144 159
205 159
206 159
142 160
204 160
205 160
142 161
203 161
204 161
140 162
141 162
203 162
139 163
140 163
201 163
202 163
137 164
139 164
199 164
200 164
136 165
198 165
136 166
197 166
198 166
134 167
135 167
196 167
197 167
133 168
196 168
193 169
194 169
130 170
131 170
192 170
193 170
192 171
128 172
129 172
128 173
188 174
189 174
125 175
186 175
187 175
188 175
186 176
122 177
123 177
184 177
185 177
121 178
122 178
183 178
184 178
182 179
183 179
119 180
182 180
117 181
116 182
117 182
178 182
179 182
114 183
115 183
177 183
177 184
112 185
175 185
176 185
112 186
173 186
174 186
175 186
173 187
111 188
112 188
171 188
171 189
111 190
169 190
167 191
169 191
111 192
166 192
110 193
165 193
166 193
110 194
164 194
165 194
109 195
110 195
164 195
109 196
163 196
160 197
161 197
162 197
109 198
159 198
160 198
108 199
159 199
157 200
157 201
108 202
155 202
156 202
107 203
108 203
153 203
152 204
107 205
151 205
152 205
107 206
151 206
149 207
150 207
106 208
148 208
147 210
105 211
146 211
105 212
105 213
105 214
146 214
104 215
145 215
104 216
103 217
145 217
144 218
103 219
144 219
103 220
143 220
144 220
143 221
102 222
143 222
142 223
143 223
102 224
102 225
142 226
101 227
141 227
100 228
141 228
100 230
140 230
141 230
140 231
99 232
140 232
99 233
139 233
139 234
139 235
98 236
138 236
139 236
98 237
138 237
138 238
97 239
137 239
137 240
97 241
137 241
97 242
97 243
96 244
96 245
135 245
96 246
95 247
96 247
95 248
134 248
135 248
134 249
95 250
94 252
93 254
132 254
93 255
132 255
92 258
131 258
92 259
131 259
92 260
130 260
91 261
130 261
91 262
130 262
91 264
129 264
129 266
128 267
89 269
90 269
89 270
127 270
128 270
89 271
127 272
88 273
127 273
88 274
88 275
126 275
87 276
88 276
125 276
126 276
87 279
124 279
86 280
87 280
124 280
86 281
86 282
124 282
85 284
123 284
122 285
123 285
85 286
84 287
122 287
84 289
84 290
83 291
84 291
120 291
121 291
83 292
120 292
120 293
83 295
119 295
82 296
119 297
81 298
82 298
118 298
81 299
81 300
118 300
80 302
81 302
117 302
80 304
116 304
117 304
116 305
79 306
79 307
79 308
115 308
78 309
79 309
114 310
115 310
78 312
114 312
113 314
77 316
113 316
76 317
112 318
76 319
111 319
112 319
75 320
76 320
75 321
111 321
75 322
110 322
111 322
75 323
110 323
74 324
75 324
110 324
74 325
110 325
109 326
74 327
27 328
74 328
109 328
28 329
29 329
26 330
27 330
29 330
30 330
31 330
73 330
108 330
25 331
26 331
32 331
33 331
72 331
73 331
107 331
108 331
24 332
25 332
33 332
35 332
35 333
36 333
37 333
107 333
72 334
107 334
22 335
40 335
72 335
106 335
21 336
41 336
43 336
71 336
19 337
20 337
43 337
106 337
45 338
46 338
47 338
106 338
18 339
47 339
48 339
49 339
105 339
16 340
17 340
49 340
50 340
51 340
70 340
16 341
51 341
104 341
14 342
53 342
55 342
70 342
14 343
56 343
69 343
104 343
12 344
13 344
57 344
59 344
69 344
60 345
61 345
69 345
11 346
62 346
63 346
9 347
63 347
64 347
8 348
9 348
65 348
66 348
68 348
102 348
7 349
8 349
6 350
7 350
101 350
5 351
6 351
4 352
5 352
101 352
3 353
4 353
100 353
101 353
2 354
1 355
100 355
1 357
99 357
1 358
1 360
1 361
2 361
98 361
2 362
98 362
97 364
2 365
97 365
2 366
3 366
97 366
3 368
98 368
3 369
98 369
3 371
4 371
98 371
4 372
98 372
4 373
98 373
99 373
4 374
99 374
99 375
99 377
100 377
5 378
100 378
5 379
6 380
100 380
6 381
100 381
6 382
101 382
6 383
101 384
6 385
7 385
7 386
101 386
102 386
102 387
7 388
102 388
7 389
102 389
8 390
102 390
8 391
10 391
11 391
16 391
17 391
18 391
19 391
20 391
102 391
103 391
23 392
25 392
29 392
30 392
30 393
31 393
33 393
35 393
36 393
37 393
39 393
40 393
103 393
40 394
41 394
42 394
43 394
44 394
44 395
103 395
43 396
104 396
43 397
43 398
104 398
42 399
43 399
42 400
104 400
105 400
42 401
105 401
41 402
42 402
105 402
105 403
41 404
105 404
106 405
40 406
106 406
40 407
106 407
40 408
106 408
40 409
106 409
107 409
39 410
107 410
39 411
38 412
107 412
38 413
107 413
108 413
38 414
107 414
38 415
106 415
37 416
105 416
102 417
36 418
37 418
36 419
99 419
100 419
36 420
99 420
36 421
96 421
96 422
36 424
37 424
38 424
39 424
92 424
93 424
92 425
42 426
44 426
44 427
88 427
89 427
47 428
49 428
87 428
88 428
49 429
50 429
51 429
52 429
52 430
53 430
83 430
84 430
85 430
56 431
82 431
57 432
60 432
80 432
81 432
61 433
79 433
80 433
65 434
77 434
78 434
79 434
67 435
68 435
68 436
70 436
70 437
71 437
72 437
73 437
