260 1
264 1
265 1
266 1
271 1
273 1
274 1
275 1
277 1
278 1
279 1
280 1
281 1
284 1
290 1
246 2
247 2
248 2
249 2
250 2
251 2
255 2
256 2
257 2
258 2
259 2
290 2
245 3
244 4
291 4
244 6
244 7
244 9
244 10
294 10
244 11
294 11
244 12
295 12
296 14
244 16
296 16
297 16
244 17
244 18
297 18
298 18
244 19
298 19
298 20
244 21
298 21
299 21
299 22
244 23
300 23
244 24
300 24
244 25
300 25
244 26
244 27
301 27
244 28
301 28
302 28
243 29
243 30
303 30
243 31
303 31
243 32
303 33
304 34
243 35
304 35
307 35
308 35
309 35
311 35
243 36
312 36
315 36
316 36
317 36
318 36
243 37
321 37
322 37
323 37
325 37
328 37
329 37
330 37
331 37
331 38
332 38
334 38
335 38
336 38
338 38
340 38
340 39
243 40
342 40
243 41
342 41
243 42
342 42
343 43
243 44
343 44
344 46
243 47
344 47
344 49
345 49
242 50
345 50
242 51
345 52
346 52
242 54
347 55
242 56
347 56
242 57
347 57
242 58
347 58
348 60
241 61
348 61
349 61
241 62
241 63
349 63
350 64
350 65
241 66
350 67
351 67
240 68
241 68
351 68
240 69
351 69
240 70
351 70
240 71
352 71
240 72
352 72
352 73
240 75
353 75
240 76
353 76
239 77
239 78
239 79
237 83
238 83
354 83
355 83
237 84
354 84
237 85
353 86
235 87
351 87
234 89
351 89
233 90
349 90
350 90
232 91
349 91
232 92
347 92
348 92
231 93
232 93
346 94
347 94
230 95
229 96
345 96
228 97
229 97
344 97
344 98
343 99
227 100
341 100
342 100
226 101
227 101
275 101
276 101
277 101
278 101
279 101
280 101
340 101
341 101
225 102
226 102
275 102
281 102
283 102
284 102
340 102
273 103
284 103
286 103
339 103
340 103
224 104
225 104
272 104
273 104
288 104
290 104
291 104
224 105
291 105
293 105
294 105
295 105
223 106
271 106
296 106
297 106
298 106
299 106
222 107
223 107
271 107
302 107
336 107
270 108
302 108
303 108
305 108
306 108
335 108
336 108
221 109
269 109
306 109
307 109
309 109
310 109
220 110
221 110
268 110
311 110
312 110
313 110
334 110
315 111
316 111
317 111
219 112
267 112
268 112
317 112
320 112
332 112
219 113
266 113
322 113
325 113
331 113
332 113
266 114
327 114
328 114
329 114
330 114
265 115
217 116
265 116
216 117
216 118
214 119
214 120
262 120
213 121
214 121
261 121
260 122
212 123
260 123
259 124
260 124
211 125
259 125
210 126
211 126
258 126
210 127
256 128
257 128
208 129
209 129
256 129
255 130
256 130
254 131
255 131
206 132
207 132
205 133
206 133
253 133
205 134
252 134
253 134
205 135
252 135
204 136
251 136
204 137
202 138
203 138
202 139
249 139
201 140
202 140
200 141
201 141
248 141
200 142
247 142
199 143
200 143
247 143
245 144
198 145
245 145
197 146
198 146
244 146
197 147
244 147
196 148
196 149
195 150
241 150
241 152
193 153
193 154
239 154
238 155
191 156
237 156
191 157
189 158
237 158
189 159
188 160
189 160
235 160
188 161
235 161
187 162
188 162
234 162
186 163
187 163
233 163
186 164
231 165
232 165
184 166
185 166
184 167
230 167
184 168
229 168
230 168
229 169
182 170
228 170
229 170
182 171
227 171
181 172
227 172
180 173
181 173
226 173
227 173
225 174
226 174
179 176
224 176
177 177
223 177
224 177
223 178
176 179
177 179
222 179
175 180
221 180
222 180
175 181
220 181
221 181
174 182
173 183
219 183
220 183
173 184
218 184
219 184
172 186
217 187
171 188
216 188
170 189
215 189
170 190
214 190
215 190
169 191
214 191
168 192
213 192
167 193
168 193
213 193
167 194
212 194
166 195
211 195
165 196
166 196
210 196
211 196
165 198
210 198
164 199
208 199
209 199
208 200
163 201
207 201
161 202
207 202
161 203
161 204
205 205
159 207
204 207
157 208
158 208
157 209
202 209
157 210
201 210
202 210
201 211
156 212
199 212
199 213
153 216
197 216
152 217
152 218
196 218
150 219
195 219
150 220
195 220
193 221
194 221
149 222
193 222
193 223
148 224
191 224
192 224
146 226
190 226
191 226
145 227
189 228
188 229
187 230
188 230
143 231
187 231
142 232
143 232
186 232
187 232
185 233
186 233
185 234
140 235
141 235
184 235
185 235
140 236
184 236
183 237
138 238
139 238
183 238
138 239
137 240
138 240
181 240
180 241
181 241
179 242
180 242
135 243
136 243
179 243
135 244
179 244
134 245
177 245
178 245
134 246
177 246
133 248
175 248
176 248
131 249
174 249
175 249
131 250
174 250
173 251
174 251
129 253
172 253
128 254
129 254
172 254
170 255
171 255
127 256
170 256
126 257
127 257
170 257
169 258
125 259
126 259
168 259
125 260
167 260
124 261
122 263
123 263
165 263
166 263
122 264
164 264
165 264
164 265
121 266
162 268
118 269
119 269
118 270
161 270
117 271
160 271
117 272
116 273
117 273
159 273
115 274
158 274
115 275
115 276
157 276
113 277
156 277
156 278
112 279
113 279
154 279
112 280
154 280
111 281
153 281
154 281
110 282
152 282
153 282
110 283
152 283
110 284
151 284
152 284
151 285
108 286
149 286
150 286
107 287
106 288
107 288
148 288
106 289
147 289
106 290
147 290
105 291
147 291
146 292
103 293
104 293
103 294
144 294
145 294
103 295
144 295
101 296
102 296
101 297
142 297
143 297
100 298
141 298
99 299
141 299
99 300
98 301
99 301
139 301
140 301
97 302
98 302
139 302
139 303
96 304
137 304
138 304
96 305
95 306
137 306
95 307
135 307
94 308
135 308
93 309
94 309
134 310
92 311
91 312
92 312
132 312
91 313
132 313
90 314
131 314
89 315
130 315
131 315
89 316
129 316
130 316
88 317
87 318
128 318
127 319
86 320
127 320
85 321
86 321
126 321
125 322
126 322
124 323
125 323
84 324
124 324
124 325
83 326
122 326
81 327
122 327
27 328
81 328
121 328
122 328
27 329
80 329
81 329
120 329
121 329
30 330
31 330
79 330
80 330
26 331
31 331
32 331
79 331
119 331
24 332
25 332
33 332
34 332
35 332
78 332
118 332
119 332
35 333
36 333
37 333
78 333
118 333
22 334
39 334
77 334
78 334
117 334
21 335
22 335
41 335
76 335
116 335
117 335
20 336
21 336
41 336
42 336
76 336
19 337
20 337
44 337
45 337
75 337
76 337
115 337
18 338
19 338
45 338
74 338
75 338
114 338
115 338
17 339
18 339
47 339
49 339
74 339
114 339
16 340
17 340
49 340
50 340
73 340
74 340
113 340
15 341
52 341
72 341
112 341
14 342
54 342
55 342
72 342
13 343
55 343
56 343
57 343
71 343
72 343
111 343
57 344
59 344
71 344
12 345
59 345
110 345
10 346
11 346
61 346
69 346
70 346
109 346
9 347
10 347
63 347
65 347
69 347
108 347
9 348
66 348
7 349
8 349
67 349
68 349
107 349
108 349
6 350
7 350
106 350
107 350
6 351
4 352
5 352
4 353
104 353
105 353
2 354
3 354
1 355
2 355
103 355
102 356
103 356
1 358
1 359
100 359
2 361
99 361
98 362
97 363
98 363
2 364
97 365
2 366
3 366
97 366
98 368
3 370
98 370
98 371
4 372
98 373
99 373
99 374
5 375
99 376
100 377
5 378
100 378
100 379
5 380
6 380
100 381
6 382
100 382
101 382
101 384
6 385
7 385
101 385
7 386
101 386
102 386
7 387
7 388
7 389
7 390
8 390
9 390
102 390
8 391
10 391
11 391
13 391
14 391
17 391
18 391
19 391
20 391
102 391
103 391
25 392
26 392
28 392
29 392
103 392
30 393
31 393
34 393
36 393
38 393
103 393
40 394
41 394
43 394
44 394
44 395
103 395
104 395
43 396
43 397
104 397
42 399
43 399
104 399
104 400
105 400
42 401
105 401
41 402
42 402
41 403
105 403
106 404
41 405
106 405
106 406
40 407
106 407
40 408
40 409
107 409
39 410
39 412
107 412
107 414
108 414
37 415
38 415
106 415
107 415
37 416
104 416
105 416
37 417
102 417
103 417
104 417
101 418
102 418
100 419
36 420
99 420
97 421
35 422
36 422
95 422
96 422
35 423
95 423
35 424
37 424
38 424
92 424
93 424
39 425
41 425
91 425
92 425
89 426
90 426
91 426
44 427
45 427
46 427
88 427
89 427
48 428
49 428
87 428
49 429
50 429
51 429
52 430
54 430
83 430
84 430
85 430
56 431
57 431
83 431
57 432
58 432
59 432
60 432
82 432
60 433
61 433
79 433
80 433
64 434
65 434
79 434
65 435
66 435
68 435
77 435
70 437
71 437
72 437
