259 1
260 1
262 1
263 1
264 1
265 1
268 1
269 1
270 1
273 1
274 1
276 1
279 1
281 1
282 1
283 1
289 1
290 1
245 2
246 2
247 2
251 2
252 2
253 2
255 2
256 2
257 2
259 2
290 2
291 2
243 4
291 4
292 4
243 5
242 6
241 7
242 7
293 7
294 9
240 10
294 10
238 11
239 11
294 11
295 11
237 12
238 12
295 12
295 13
295 14
296 14
235 15
234 16
235 16
296 16
234 17
297 17
233 18
234 18
232 19
298 19
232 20
298 20
231 21
298 21
299 21
231 22
229 23
230 23
229 24
228 25
301 25
228 26
301 26
227 27
227 28
302 29
225 30
303 30
224 31
224 32
303 32
222 33
223 33
303 33
304 33
222 34
221 35
304 35
305 35
307 35
308 35
310 35
311 35
221 36
311 36
312 36
313 36
315 36
318 36
320 36
321 36
322 37
324 37
325 37
328 37
222 38
331 38
334 38
335 38
336 38
337 38
339 38
340 38
340 39
223 40
341 40
342 40
223 41
224 41
342 41
224 42
342 42
342 43
343 43
224 44
225 44
343 44
225 45
343 45
343 46
226 47
226 48
344 48
226 49
227 49
344 49
345 49
227 51
345 51
228 52
345 52
228 53
346 53
228 54
229 54
346 54
229 55
346 55
229 56
230 56
347 56
230 58
348 58
230 59
231 59
348 60
231 61
348 61
232 62
349 62
349 63
232 64
233 64
350 65
234 66
350 67
351 67
234 68
235 69
351 69
352 70
235 71
236 71
352 71
236 72
236 74
353 75
353 76
238 77
354 77
238 78
354 78
238 79
239 79
354 79
355 79
239 82
237 83
238 83
354 83
236 85
237 85
354 85
236 86
352 86
235 87
351 88
234 89
350 89
351 89
234 90
349 90
350 90
232 91
348 91
349 91
232 92
230 94
346 94
347 94
230 95
345 95
229 96
230 96
344 96
345 96
229 97
344 97
228 99
343 99
227 100
341 100
226 101
227 101
276 101
277 101
278 101
279 101
340 101
341 101
226 102
274 102
275 102
281 102
282 102
283 102
284 102
340 102
273 103
274 103
284 103
285 103
286 103
287 103
273 104
289 104
291 104
338 104
224 105
272 105
292 105
293 105
294 105
295 105
337 105
338 105
271 106
272 106
295 106
296 106
297 106
299 106
337 106
222 107
223 107
271 107
299 107
301 107
336 107
222 108
270 108
306 108
335 108
336 108
221 109
269 109
270 109
306 109
308 109
309 109
334 109
335 109
220 110
221 110
269 110
310 110
311 110
312 110
313 110
333 110
334 110
220 111
268 111
314 111
315 111
316 111
317 111
333 111
219 112
267 112
317 112
321 112
332 112
333 112
218 113
267 113
322 113
325 113
331 113
332 113
218 114
266 114
325 114
326 114
327 114
330 114
331 114
217 115
218 115
265 115
329 115
330 115
216 116
264 116
265 116
216 117
215 118
216 118
264 118
263 119
214 120
262 120
213 121
214 121
261 121
212 122
260 122
261 122
212 123
260 123
211 124
212 124
259 124
211 125
258 125
210 126
258 126
209 127
210 127
257 127
209 128
256 128
257 128
256 129
255 130
256 130
207 131
255 131
207 132
254 133
253 134
205 135
252 135
204 136
251 136
203 137
250 138
202 139
250 139
202 140
248 140
200 141
247 141
248 141
247 143
199 144
246 144
198 145
245 145
244 146
197 147
243 147
244 147
243 148
195 149
196 149
242 149
243 149
195 150
194 151
195 151
194 152
240 152
192 154
193 154
239 154
191 155
192 155
238 155
239 155
191 156
238 156
190 157
189 158
190 158
236 158
189 159
236 159
188 160
189 160
234 161
235 161
188 162
234 162
186 163
187 163
232 164
185 165
232 165
184 166
184 167
231 167
229 169
227 171
181 172
181 173
226 173
227 173
225 174
179 175
224 175
225 175
223 177
224 177
176 179
177 179
222 179
221 180
220 181
174 182
173 183
174 183
219 183
220 183
173 184
219 184
172 185
218 185
218 186
171 187
172 187
216 187
171 188
170 189
215 189
216 189
169 190
170 190
214 190
168 191
168 192
214 192
167 193
168 193
212 193
213 193
166 194
167 194
166 195
212 195
165 196
166 196
210 196
211 196
210 197
164 198
209 198
210 198
163 199
208 199
209 199
163 200
208 200
162 201
163 201
207 201
208 201
161 202
162 202
206 202
206 203
160 204
206 204
205 205
159 206
204 206
158 207
159 207
204 207
157 208
200 211
155 212
200 212
154 213
154 214
198 214
153 215
152 216
153 216
152 217
196 217
151 218
152 218
195 218
195 219
194 220
149 221
150 221
193 221
148 223
192 223
147 224
148 224
147 225
146 226
191 226
146 227
189 227
190 227
189 228
144 229
145 229
188 229
189 229
143 230
187 230
188 230
142 232
143 232
142 233
186 233
185 234
185 235
184 236
140 237
183 237
138 238
139 238
182 238
138 239
137 240
138 240
181 240
136 241
137 241
181 241
179 242
180 242
136 243
179 243
134 244
135 244
177 246
177 247
132 248
176 248
131 249
174 249
173 251
129 252
130 252
172 252
129 253
128 254
129 254
172 254
128 255
170 255
171 255
127 256
170 256
126 257
169 257
170 257
126 258
168 258
126 259
168 259
166 261
167 261
122 263
123 263
122 264
165 264
120 266
163 266
120 267
162 267
163 267
119 268
162 268
118 269
119 269
118 270
160 270
161 270
117 272
159 272
160 272
116 273
158 274
158 275
114 276
115 276
156 276
157 276
114 277
156 277
113 278
113 279
154 279
155 279
112 280
111 281
153 281
154 281
110 282
111 282
152 282
110 283
152 284
108 285
150 285
151 285
108 286
150 286
107 287
108 287
149 287
106 288
107 288
147 289
105 290
106 290
104 291
105 291
146 291
145 292
146 292
103 293
104 293
144 294
145 294
103 295
143 295
101 296
102 296
101 297
143 297
100 298
101 298
142 298
99 299
100 299
140 300
98 301
99 301
97 302
97 303
138 303
139 303
137 304
138 304
95 305
96 305
137 306
94 307
135 307
94 308
135 308
93 309
94 309
134 310
92 311
133 311
91 312
132 312
91 313
90 314
131 314
130 315
89 316
88 317
129 317
88 318
128 318
129 318
87 319
127 319
128 319
87 320
127 320
86 321
126 322
85 323
125 323
83 324
84 324
81 327
82 327
27 328
121 328
122 328
27 329
28 329
29 329
81 329
26 330
29 330
30 330
31 330
80 330
120 330
25 331
31 331
32 331
33 331
119 331
120 331
33 332
34 332
118 332
119 332
23 333
36 333
118 333
22 334
37 334
39 334
77 334
78 334
118 334
22 335
40 335
41 335
76 335
77 335
116 335
117 335
20 336
21 336
41 336
42 336
43 336
76 336
19 337
20 337
76 337
115 337
116 337
45 338
46 338
47 338
75 338
18 339
49 339
74 339
114 339
16 340
51 340
74 340
114 340
16 341
51 341
53 341
72 341
73 341
112 341
14 342
15 342
54 342
55 342
13 343
14 343
55 343
57 343
72 343
111 343
12 344
13 344
58 344
59 344
11 345
12 345
60 345
61 345
71 345
110 345
10 346
61 346
62 346
70 346
10 347
108 347
65 348
66 348
69 348
108 348
7 349
8 349
68 349
108 349
6 350
7 350
107 350
5 351
6 351
106 351
5 352
105 352
106 352
3 353
4 353
104 353
2 354
3 354
104 354
104 355
102 356
103 356
1 357
101 357
1 358
101 358
101 359
99 360
100 360
1 361
2 361
2 363
98 363
2 366
3 367
3 368
97 368
3 369
98 369
98 371
4 372
98 372
4 373
98 373
99 373
4 374
99 374
4 375
5 375
99 375
99 376
5 377
99 377
100 377
5 378
5 379
100 379
5 380
100 380
100 381
101 382
6 383
101 383
7 385
102 386
7 387
102 387
102 388
102 389
9 390
8 391
10 391
11 391
12 391
14 391
19 391
103 391
22 392
23 392
26 392
28 392
29 392
30 392
30 393
32 393
33 393
37 393
38 393
40 394
41 394
42 394
43 394
44 394
104 395
44 396
104 397
43 398
42 399
43 399
104 400
105 400
42 401
41 402
42 402
41 403
105 403
41 404
41 405
106 405
106 406
40 407
106 407
40 408
106 408
39 409
40 409
106 409
107 409
39 410
107 410
39 411
107 411
107 412
107 413
108 413
107 414
37 415
38 415
106 415
105 416
37 417
103 417
104 417
37 418
101 418
36 419
99 419
101 419
96 421
97 421
98 421
35 422
36 422
95 422
96 422
35 423
93 423
94 423
35 424
38 424
92 424
93 424
39 425
42 425
43 426
44 426
89 426
90 426
91 426
88 427
47 428
49 429
51 429
52 429
85 429
52 430
53 430
54 430
55 430
84 430
85 430
56 431
82 431
83 431
60 432
81 432
82 432
60 433
79 433
80 433
63 434
64 434
77 434
67 435
68 436
74 436
75 436
76 436
70 437
72 437
74 437
