259 1
260 1
262 1
266 1
267 1
268 1
269 1
270 1
272 1
273 1
274 1
275 1
276 1
278 1
279 1
281 1
282 1
289 1
244 2
245 2
246 2
247 2
248 2
249 2
253 2
255 2
256 2
258 2
290 2
291 2
291 3
291 4
292 6
241 7
242 7
293 7
293 8
240 9
293 9
240 10
294 10
238 11
237 12
238 12
295 13
296 14
236 15
296 15
234 16
235 16
297 16
234 17
297 17
233 18
234 18
297 18
233 19
298 19
232 20
298 21
299 21
230 22
299 22
230 23
299 23
300 23
229 25
228 26
301 26
227 27
302 28
225 29
224 30
225 30
303 31
223 32
224 32
303 32
222 33
223 33
303 33
222 34
306 35
307 35
308 35
309 35
310 35
311 35
221 36
312 36
313 36
317 36
319 36
321 37
323 37
324 37
325 37
329 37
330 37
331 37
222 38
332 38
333 38
334 38
335 38
336 38
337 38
340 38
223 39
340 39
341 39
223 40
342 40
223 41
342 42
224 43
343 43
224 44
225 44
343 44
225 45
343 45
344 46
344 47
226 48
344 48
226 49
227 49
345 49
227 50
345 51
228 52
346 52
346 53
228 54
229 54
346 54
229 55
346 55
229 56
230 56
347 56
230 58
347 58
348 58
230 59
231 59
231 60
348 60
231 61
232 61
349 61
232 63
349 63
232 64
233 64
349 64
233 65
350 65
233 66
234 66
234 67
350 67
351 68
234 69
235 69
235 70
351 70
352 70
236 71
352 72
236 73
353 73
236 74
237 74
237 75
353 75
238 76
354 76
238 77
238 79
239 79
354 79
239 80
238 82
239 82
355 82
238 83
354 83
355 83
237 85
353 85
236 86
353 86
351 87
352 87
235 88
234 89
351 89
233 90
234 90
350 90
233 91
348 91
232 92
347 92
348 92
231 93
347 93
230 94
230 95
346 95
345 96
229 97
228 98
343 98
342 99
227 100
342 100
226 101
227 101
276 101
277 101
278 101
279 101
280 101
341 101
225 102
226 102
274 102
275 102
281 102
282 102
340 102
274 103
284 103
287 103
339 103
225 104
289 104
290 104
338 104
339 104
224 105
273 105
291 105
292 105
337 105
338 105
295 106
296 106
297 106
298 106
299 106
223 107
271 107
299 107
336 107
221 108
222 108
305 108
306 108
335 108
270 109
306 109
307 109
310 109
335 109
220 110
221 110
269 110
312 110
313 110
333 110
314 111
315 111
316 111
317 111
333 111
220 112
268 112
320 112
321 112
332 112
333 112
218 113
219 113
268 113
321 113
323 113
324 113
325 113
331 113
218 114
267 114
325 114
326 114
328 114
329 115
330 115
265 116
216 117
265 117
215 118
216 118
264 118
215 119
263 119
264 119
214 120
263 120
214 121
263 121
261 122
262 122
212 123
261 123
212 124
260 124
261 124
260 125
260 126
210 127
258 127
259 127
209 129
257 129
258 129
207 130
208 130
207 131
207 132
255 132
256 132
205 133
255 133
205 134
254 134
255 134
204 135
253 135
254 135
253 136
253 137
202 138
201 140
202 140
250 140
200 141
201 141
250 141
200 142
249 142
200 143
249 143
198 144
199 144
198 145
248 145
197 146
198 146
247 146
246 147
247 147
245 148
246 148
195 149
244 150
194 151
243 151
244 151
194 152
243 152
193 153
242 153
193 154
242 154
241 155
242 155
191 157
190 158
189 159
239 159
188 160
189 160
238 160
237 161
187 162
237 162
186 163
237 163
235 164
236 164
235 165
184 166
185 166
234 166
235 166
184 167
234 167
183 168
184 168
233 168
233 169
181 171
182 171
232 171
181 172
180 173
179 174
180 174
229 174
230 174
228 176
177 177
178 177
227 177
228 177
227 178
176 179
177 179
226 179
227 179
175 180
176 180
226 180
225 181
224 182
225 182
173 183
223 183
224 183
173 184
172 185
173 185
222 185
172 186
222 186
222 187
170 188
171 188
220 188
221 188
220 189
170 190
220 190
168 191
169 191
218 191
168 192
167 193
168 193
218 193
167 194
166 195
165 196
215 196
165 197
214 198
215 198
164 199
213 199
163 200
162 201
163 201
213 201
162 202
161 203
211 203
160 204
210 204
211 204
159 205
160 205
210 205
209 206
210 206
208 207
209 207
157 208
158 208
208 208
157 209
207 209
208 209
156 210
157 210
207 210
206 211
207 211
205 213
154 214
204 214
205 214
203 215
204 215
152 216
153 216
152 217
202 217
203 217
150 219
151 219
201 219
202 219
200 220
149 221
150 221
200 221
200 222
149 223
198 223
199 223
148 224
197 225
198 225
146 226
147 226
197 226
145 227
197 227
145 228
195 228
196 228
145 229
143 230
144 230
195 230
193 231
142 233
142 234
140 235
191 235
140 236
191 236
139 237
138 238
189 238
190 238
138 239
189 239
137 240
188 240
188 241
136 242
187 242
135 243
136 243
187 243
135 244
186 244
134 245
185 245
133 246
134 246
184 246
133 247
183 247
184 247
132 248
133 248
183 248
131 249
132 249
183 249
131 250
182 250
131 251
181 251
129 252
181 252
129 253
128 254
180 254
127 255
179 255
127 256
126 257
127 257
177 257
126 258
125 259
177 259
124 260
175 260
176 260
175 261
124 262
175 262
123 263
173 263
174 263
122 264
121 265
122 265
173 265
120 266
120 267
119 268
170 268
171 268
119 269
118 270
169 270
117 271
118 271
168 271
169 271
117 272
168 272
116 273
167 273
115 274
167 274
115 275
166 275
167 275
165 276
166 276
114 277
165 277
164 278
165 278
112 279
113 279
164 279
111 280
112 280
111 281
162 281
110 282
162 283
109 284
110 284
161 284
108 285
160 285
108 286
108 287
159 287
106 288
107 288
157 289
105 290
104 291
105 291
156 291
157 291
104 292
155 292
103 293
154 294
102 295
103 295
153 295
102 296
101 297
152 297
100 298
152 298
151 299
99 300
150 300
98 301
99 301
150 301
98 302
150 302
97 304
148 304
149 304
147 305
95 306
94 307
95 307
146 307
147 307
94 308
93 309
94 309
145 309
93 310
144 310
92 311
91 312
92 312
144 312
91 313
142 313
143 313
142 314
89 315
142 315
89 316
140 317
87 318
140 318
87 319
87 320
85 321
86 321
84 323
85 323
136 323
137 323
84 324
83 326
134 326
81 327
134 327
81 328
134 328
80 329
132 329
133 329
27 330
30 330
31 330
80 330
31 331
32 331
33 331
79 331
131 331
132 331
24 332
25 332
34 332
35 332
78 332
79 332
130 332
131 332
24 333
78 333
130 333
22 334
23 334
37 334
39 334
129 334
130 334
22 335
40 335
41 335
129 335
20 336
21 336
41 336
76 336
128 336
129 336
43 337
75 337
128 337
18 338
46 338
127 338
18 339
47 339
48 339
49 339
126 339
127 339
16 340
17 340
49 340
73 340
125 340
126 340
51 341
53 341
72 341
73 341
125 341
14 342
15 342
54 342
55 342
72 342
125 342
13 343
55 343
71 343
72 343
124 343
12 344
13 344
58 344
59 344
71 344
123 344
124 344
59 345
60 345
61 345
70 345
71 345
122 345
123 345
61 346
62 346
69 346
122 346
9 347
63 347
65 347
69 347
122 347
8 348
9 348
66 348
120 348
8 349
120 349
6 350
7 350
119 350
5 351
6 351
119 351
4 352
118 352
3 353
117 353
118 353
3 354
117 354
1 355
2 355
116 355
1 356
1 357
115 358
113 360
114 360
2 361
112 361
113 361
2 362
2 363
111 363
112 363
2 364
111 364
2 365
111 365
2 366
3 367
3 368
110 368
3 369
110 369
3 370
4 371
4 372
4 373
110 373
110 374
5 375
5 376
5 377
110 378
5 379
110 379
6 380
6 381
110 381
6 382
110 383
6 384
6 385
109 386
7 387
109 387
7 388
7 389
109 389
8 390
9 390
109 390
10 391
14 391
15 391
17 391
19 391
109 391
20 392
22 392
23 392
24 392
25 392
109 392
30 393
31 393
32 393
33 393
36 393
37 393
39 393
109 393
40 394
41 394
42 394
44 394
109 394
43 396
109 396
43 397
109 397
43 398
43 399
109 399
42 400
108 401
109 401
41 403
108 403
108 404
41 405
40 406
41 406
108 406
108 407
39 409
40 409
108 409
39 410
108 410
108 411
38 412
39 412
38 413
107 414
108 414
38 415
107 415
37 416
104 417
36 418
37 418
102 418
36 419
100 419
101 419
98 420
99 420
96 421
98 421
35 422
36 422
95 422
94 423
35 424
39 424
92 424
93 424
39 425
41 425
42 426
43 426
44 426
89 426
46 427
88 427
89 427
47 428
48 428
87 428
88 428
49 429
51 429
52 429
85 429
54 430
85 430
55 431
57 431
82 431
83 431
57 432
59 432
80 432
82 432
62 433
63 433
63 434
78 434
79 434
65 435
66 435
76 435
77 435
69 436
74 436
76 436
70 437
72 437
73 437
74 437
