259 1
260 1
262 1
263 1
264 1
265 1
267 1
268 1
270 1
271 1
272 1
274 1
275 1
277 1
278 1
279 1
280 1
281 1
283 1
284 1
289 1
290 1
245 2
246 2
247 2
248 2
249 2
250 2
251 2
252 2
254 2
259 2
244 3
291 3
243 4
244 4
291 4
292 4
242 5
292 5
292 6
241 7
293 7
241 8
293 8
240 9
293 9
294 9
239 10
240 10
238 11
239 11
294 11
295 11
237 12
238 12
295 12
237 13
236 14
237 14
295 14
296 14
235 15
296 15
234 16
235 16
296 16
297 16
234 17
233 18
234 18
297 18
232 19
298 20
232 21
299 21
230 22
231 22
230 23
229 24
301 25
301 26
227 27
301 27
226 28
227 28
301 28
302 28
225 29
302 29
225 30
302 30
224 31
303 31
223 32
303 33
221 34
221 35
304 35
305 35
306 35
307 35
308 35
309 35
310 35
311 35
311 36
313 36
316 36
317 36
319 36
321 36
321 37
323 37
325 37
327 37
329 37
331 37
332 38
333 38
334 38
337 38
339 38
340 38
222 39
223 39
342 40
224 42
342 43
225 44
343 44
225 45
343 45
225 46
344 46
344 47
226 48
344 48
226 49
227 49
344 49
345 50
345 51
228 53
228 54
346 54
229 55
346 55
347 55
229 56
230 56
347 56
347 57
347 58
230 59
231 60
348 60
231 61
349 61
232 62
232 63
349 63
349 64
350 64
233 65
350 65
234 66
350 66
351 67
234 69
235 69
235 70
351 70
352 70
235 71
352 72
236 73
352 73
353 73
236 74
237 74
353 74
237 75
237 76
238 76
353 76
354 76
238 77
354 77
238 78
354 78
238 79
239 79
354 79
355 79
239 80
355 80
355 81
355 82
239 83
355 83
238 84
354 84
238 85
352 86
238 87
352 87
238 88
351 88
238 89
350 89
351 89
350 90
237 91
348 91
349 91
237 92
347 92
347 93
237 94
347 94
345 96
236 97
344 97
236 98
343 98
344 98
236 99
343 99
342 100
276 101
275 102
280 102
281 102
282 102
283 102
284 102
340 102
284 103
285 103
286 103
287 103
339 103
340 103
235 104
289 104
291 104
339 104
235 105
275 105
291 105
292 105
293 105
294 105
295 105
337 105
338 105
235 106
274 106
275 106
295 106
296 106
297 106
298 106
235 107
274 107
299 107
300 107
303 108
305 108
335 108
336 108
234 109
235 109
274 109
307 109
309 109
334 109
234 110
312 110
313 110
334 110
315 111
316 111
317 112
318 112
319 112
321 112
333 112
273 113
321 113
325 113
331 113
332 113
234 114
273 114
325 114
326 114
327 114
328 114
329 114
330 114
331 114
234 115
329 115
330 115
233 116
272 117
273 117
233 119
272 119
272 120
232 121
233 121
271 122
271 123
232 124
271 124
232 125
271 125
271 126
231 127
232 127
270 127
231 128
231 129
270 129
231 130
270 130
231 132
231 133
269 133
230 134
231 134
269 134
230 135
269 135
269 137
230 138
268 138
230 139
229 140
230 140
229 141
268 141
229 143
268 143
229 144
267 144
268 144
229 145
267 145
229 146
267 146
267 148
266 149
228 150
228 151
266 151
227 152
266 152
266 154
226 158
265 158
265 159
226 160
264 160
226 161
264 161
264 162
226 164
264 164
264 165
263 167
225 169
263 169
225 170
262 171
224 172
262 172
224 175
262 175
223 176
224 176
262 176
262 177
223 178
223 179
223 180
223 181
261 181
223 182
261 182
223 183
260 183
222 184
222 185
260 185
260 186
259 187
260 187
259 188
221 189
222 189
259 189
221 190
259 190
221 191
259 191
259 192
258 193
259 193
220 195
221 195
220 196
258 196
220 198
257 198
258 198
220 199
257 199
257 200
219 201
220 201
257 202
219 203
219 204
256 204
257 204
219 205
256 205
219 206
256 206
218 207
219 207
256 207
218 208
256 208
255 209
255 211
255 212
217 213
218 213
255 213
255 214
254 215
255 215
254 216
217 217
254 218
216 219
217 219
254 219
253 220
254 220
216 221
216 223
253 223
216 224
215 226
252 226
253 226
215 227
252 227
215 228
215 229
252 229
252 230
215 231
251 231
214 232
215 232
251 232
213 233
214 233
212 234
213 234
210 236
251 236
208 237
208 238
250 238
206 239
204 240
205 240
206 240
250 240
203 241
204 241
203 242
249 242
250 242
201 243
199 244
201 244
249 244
198 245
199 245
249 245
198 246
249 246
196 247
197 247
248 247
194 248
195 248
248 249
192 250
193 250
248 250
191 251
248 251
189 252
190 252
191 252
248 252
189 253
246 253
187 254
185 255
186 255
187 255
244 255
184 256
185 256
243 256
183 257
242 257
182 258
239 258
240 258
241 258
180 259
181 259
182 259
239 259
179 260
238 260
178 261
179 261
235 261
236 261
237 261
178 262
235 262
175 263
176 263
234 263
174 264
175 264
231 264
232 264
233 264
173 265
174 265
230 265
231 265
229 266
230 266
170 267
172 267
228 267
229 267
169 268
226 268
224 269
223 270
165 271
167 271
223 271
164 272
165 272
220 272
222 272
163 273
164 273
219 273
161 274
162 274
218 274
161 275
159 276
160 276
156 278
157 278
158 278
212 278
213 278
156 279
211 279
155 280
153 281
154 281
151 282
153 282
150 283
151 283
149 284
150 284
204 284
149 285
204 285
146 286
147 286
203 286
146 287
201 287
144 288
143 289
144 289
198 289
143 290
196 290
195 291
196 291
139 292
194 292
195 292
138 293
139 293
194 293
137 294
192 294
135 295
191 295
135 296
189 296
190 296
134 297
131 298
186 298
187 298
130 299
184 299
185 299
183 300
184 300
183 301
180 302
181 302
180 303
122 305
124 305
176 305
177 305
121 306
122 306
176 306
120 307
121 307
174 307
119 308
172 308
173 308
118 309
119 309
171 309
172 309
116 310
169 310
170 310
171 310
115 311
169 311
114 312
115 312
168 312
112 313
165 313
166 313
167 313
112 314
164 314
165 314
110 315
111 315
108 316
110 316
161 316
162 316
163 316
107 317
108 317
160 317
161 317
106 318
160 318
106 319
158 319
159 319
103 320
105 320
156 320
103 321
153 322
155 322
100 323
153 323
98 324
99 324
151 324
97 325
150 325
151 325
97 326
149 326
96 327
147 327
27 328
93 328
94 328
95 328
145 328
27 329
29 329
92 329
93 329
27 330
29 330
30 330
31 330
26 331
32 331
90 331
141 331
143 331
24 332
25 332
33 332
89 332
90 332
140 332
141 332
23 333
36 333
37 333
87 333
88 333
139 333
140 333
23 334
39 334
86 334
87 334
137 334
138 334
21 335
22 335
39 335
41 335
85 335
136 335
21 336
41 336
84 336
136 336
20 337
45 337
134 337
18 338
19 338
45 338
47 338
82 338
18 339
48 339
49 339
80 339
130 339
131 339
132 339
17 340
49 340
79 340
129 340
15 341
78 341
128 341
129 341
15 342
53 342
76 342
126 342
127 342
13 343
55 343
56 343
74 343
75 343
76 343
125 343
126 343
125 344
11 345
12 345
59 345
60 345
61 345
122 345
10 346
62 346
63 346
71 346
121 346
9 347
10 347
63 347
64 347
65 347
69 347
70 347
71 347
120 347
8 348
66 348
68 348
118 348
119 348
7 349
66 349
117 349
118 349
6 350
6 351
114 351
115 351
5 352
113 352
3 353
112 353
113 353
2 354
110 354
111 354
108 356
106 357
1 358
105 358
1 359
101 361
99 362
2 364
98 364
97 365
3 366
3 367
97 367
3 368
98 370
4 371
4 373
98 373
4 374
99 374
4 375
5 376
100 377
5 378
5 379
100 379
6 380
100 382
101 382
101 383
101 384
6 385
7 385
101 385
102 387
7 390
9 390
102 390
8 391
10 391
11 391
12 391
15 391
18 391
19 391
102 391
103 391
20 392
23 392
24 392
25 392
26 392
27 392
28 392
29 392
34 393
35 393
36 393
37 393
39 393
41 394
42 394
43 394
103 394
103 395
44 396
43 397
104 397
42 399
43 399
104 400
105 400
105 401
42 402
105 402
105 403
106 404
41 405
106 405
40 406
41 406
40 407
106 409
107 409
39 411
39 412
107 412
38 413
107 413
108 413
108 414
38 415
105 415
107 415
104 416
105 416
37 417
102 417
36 418
37 418
101 418
36 419
100 419
99 420
36 421
97 421
98 421
35 422
35 423
93 423
94 423
95 423
36 424
37 424
38 424
41 425
42 425
91 425
92 425
43 426
89 426
90 426
91 426
44 427
46 427
47 427
89 427
47 428
49 428
86 428
87 428
88 428
49 429
51 429
52 429
85 429
53 430
54 430
55 430
83 430
84 430
85 430
55 431
57 431
82 431
83 431
58 432
60 432
82 432
60 433
61 433
63 433
80 433
63 434
77 434
78 434
79 434
65 435
67 435
68 435
76 435
68 436
69 436
70 437
71 437
72 437
