259 1
261 1
264 1
266 1
267 1
269 1
271 1
272 1
274 1
275 1
276 1
278 1
280 1
284 1
290 1
244 2
245 2
247 2
250 2
251 2
252 2
254 2
256 2
259 2
291 2
291 3
243 4
291 4
292 4
242 5
292 5
242 6
293 6
241 7
242 7
240 8
241 8
240 9
239 10
240 10
239 11
294 11
237 12
237 13
236 14
296 14
236 15
235 16
296 16
234 17
297 17
297 18
298 18
233 19
298 20
231 21
230 22
229 23
230 23
300 23
229 24
300 24
228 25
300 25
301 25
227 26
301 26
227 27
226 28
302 28
226 29
302 29
302 30
224 31
303 32
222 33
223 33
303 33
304 33
221 34
221 35
304 35
305 35
306 35
307 35
309 35
311 35
221 36
311 36
312 36
313 36
315 36
317 36
318 36
320 36
321 36
321 37
322 37
324 37
325 37
326 37
327 37
329 37
330 37
331 38
333 38
334 38
335 38
337 38
339 38
340 38
222 39
223 39
340 39
223 40
342 40
223 41
342 41
224 42
224 43
224 44
225 44
343 44
225 45
225 46
226 46
226 47
345 49
227 50
228 51
345 51
345 52
346 52
228 53
346 53
229 54
347 55
229 56
230 56
347 56
230 57
347 58
231 59
348 60
231 61
232 61
349 61
232 62
349 62
349 63
233 64
349 64
233 66
234 66
350 66
234 67
351 67
234 68
351 68
234 69
235 69
235 70
352 70
236 71
352 71
236 72
352 72
236 73
352 73
236 74
237 74
237 76
238 76
353 76
354 76
238 77
354 77
238 78
354 78
238 79
239 79
354 79
355 79
239 81
355 81
238 82
239 82
355 82
238 83
355 83
354 84
236 85
354 85
236 86
352 86
235 87
236 87
351 87
234 88
234 89
351 89
233 90
349 90
350 90
233 91
348 91
349 91
231 93
232 93
347 93
230 94
231 94
347 94
346 95
229 96
344 96
345 96
228 97
344 98
228 99
343 99
227 100
341 100
342 100
226 101
227 101
275 101
277 101
278 101
279 101
280 101
340 101
341 101
226 102
280 102
281 102
282 102
284 102
340 102
225 103
273 103
274 103
285 103
339 103
273 104
291 104
223 105
272 105
293 105
295 105
338 105
271 106
272 106
295 106
296 106
299 106
222 107
270 107
271 107
300 107
301 107
302 107
336 107
221 108
302 108
303 108
305 108
306 108
335 108
221 109
269 109
270 109
306 109
307 109
308 109
309 109
220 110
268 110
269 110
311 110
313 110
314 110
333 110
268 111
315 111
317 111
220 112
268 112
317 112
319 112
320 112
321 112
218 113
219 113
267 113
321 113
325 113
331 113
218 114
266 114
325 114
326 114
329 114
265 115
266 115
329 115
216 116
264 116
216 117
264 117
215 118
216 118
214 119
262 119
263 119
213 121
262 121
212 124
260 124
211 125
258 125
259 125
210 126
211 126
210 127
258 127
209 128
256 128
208 129
256 129
207 130
255 130
256 130
207 131
254 131
206 132
207 132
205 133
206 133
254 133
205 134
252 134
205 135
252 135
251 136
203 137
250 137
251 137
202 138
202 139
249 139
250 139
201 140
249 140
200 141
247 141
248 141
200 142
199 143
200 143
247 143
245 144
246 144
198 145
198 146
244 146
245 146
243 147
196 148
197 148
195 149
196 149
242 149
243 149
195 150
241 150
242 150
194 151
195 151
241 151
193 152
241 152
193 153
239 154
191 155
192 155
238 155
191 156
237 156
238 156
190 157
191 157
189 158
190 158
236 158
189 159
235 159
236 159
189 160
235 160
188 161
234 161
235 161
187 162
188 162
233 162
234 162
186 163
185 165
186 165
184 166
185 166
231 166
184 167
230 167
231 167
183 168
230 168
228 170
181 171
182 171
227 171
228 171
227 172
227 173
180 174
226 174
179 175
179 176
224 176
177 177
178 177
223 177
224 177
177 178
222 178
223 178
176 179
177 179
174 182
175 182
173 183
220 183
173 184
218 184
172 185
173 185
218 185
217 186
218 186
171 187
172 187
216 187
170 188
171 188
216 188
168 191
169 191
167 193
212 193
213 193
167 194
212 195
210 196
211 196
164 198
165 198
209 198
210 198
163 199
164 199
163 200
208 200
162 201
163 201
207 201
208 201
161 202
162 202
207 202
206 203
159 205
160 205
205 205
204 206
158 207
159 207
203 207
204 207
157 209
202 209
156 211
201 211
155 212
156 212
199 212
200 212
154 213
199 213
154 214
198 214
153 215
154 215
152 216
153 216
152 217
196 217
151 219
150 220
194 220
149 221
193 221
149 222
192 223
193 223
147 224
148 224
191 225
191 226
145 227
146 227
189 227
190 227
145 228
189 228
188 229
189 229
143 230
144 230
142 232
187 232
142 233
185 233
186 233
142 234
140 235
184 235
185 235
184 236
140 237
138 238
182 238
182 239
137 240
181 240
136 241
137 241
180 242
178 244
179 244
178 245
134 246
177 246
133 247
132 248
133 248
175 248
131 249
132 249
174 249
175 249
174 250
130 251
131 251
173 251
174 251
129 252
172 252
173 252
129 253
172 253
128 254
129 254
171 254
172 254
127 255
128 255
170 255
171 255
127 256
170 256
126 257
127 257
170 257
126 258
168 258
169 258
125 259
126 259
168 259
124 260
125 260
166 261
124 262
122 263
123 263
166 263
122 264
164 265
120 266
121 266
163 266
120 267
120 268
118 269
119 269
161 269
162 269
118 270
160 271
159 272
117 273
158 273
116 274
115 275
157 275
158 275
115 276
113 277
114 277
156 277
113 278
155 278
154 279
112 280
154 280
111 281
153 281
111 282
152 282
153 282
110 283
152 284
109 285
150 285
151 285
107 287
108 287
106 288
148 288
106 289
147 289
148 289
147 290
105 291
146 291
104 292
146 292
104 293
145 293
103 294
144 294
145 294
143 295
101 296
143 296
101 297
142 297
143 297
100 298
101 298
100 299
141 299
141 300
98 301
99 301
140 301
97 302
139 302
97 303
138 303
139 303
96 304
97 304
137 304
138 304
96 305
95 306
94 307
135 307
136 307
93 309
94 309
93 310
133 310
133 311
92 312
132 312
133 312
90 313
91 313
131 313
90 314
131 314
89 315
130 316
87 318
129 318
87 319
127 319
128 319
126 320
127 320
86 321
126 321
85 322
125 322
126 322
124 323
125 323
124 324
83 325
123 325
82 326
83 326
122 326
123 326
82 327
122 327
81 328
121 328
28 329
29 329
80 329
81 329
26 330
27 330
29 330
30 330
31 330
79 330
80 330
120 330
25 331
33 331
79 331
119 331
120 331
25 332
34 332
35 332
78 332
79 332
118 332
119 332
23 333
35 333
78 333
22 334
78 334
21 335
39 335
41 335
77 335
116 335
117 335
21 336
41 336
42 336
76 336
19 337
20 337
43 337
115 337
116 337
19 338
45 338
47 338
74 338
75 338
115 338
17 339
18 339
47 339
49 339
114 339
50 340
51 340
73 340
74 340
113 340
16 341
51 341
52 341
72 341
73 341
113 341
15 342
53 342
55 342
112 342
13 343
14 343
55 343
56 343
71 343
72 343
12 344
13 344
59 344
110 344
11 345
12 345
59 345
71 345
110 345
11 346
61 346
62 346
63 346
69 346
109 346
110 346
9 347
65 347
108 347
109 347
8 348
9 348
66 348
67 349
6 350
106 350
107 350
5 351
6 351
105 352
106 352
4 353
2 354
3 354
1 355
2 355
103 355
104 355
101 357
1 358
101 358
1 359
100 359
101 359
1 360
100 360
2 362
98 362
2 364
97 364
2 365
97 365
2 366
3 366
97 367
3 371
98 371
98 372
98 373
99 373
4 374
99 374
4 375
5 375
99 375
5 376
99 376
100 378
5 380
100 380
100 381
6 382
101 382
6 384
101 384
6 385
7 386
101 386
102 386
7 388
102 388
7 389
7 390
102 391
8 392
103 392
103 393
9 394
9 395
103 395
104 395
9 396
104 396
104 398
10 399
104 399
104 400
10 401
10 402
10 403
105 403
11 404
105 404
106 404
11 405
106 405
106 407
12 408
12 409
106 409
12 410
107 410
12 411
107 411
13 413
107 413
108 413
14 414
15 414
107 414
108 414
13 415
15 415
16 415
105 415
106 415
107 415
18 416
19 416
104 416
20 417
21 417
22 417
103 417
104 417
23 418
24 418
101 418
102 418
25 419
26 419
27 419
99 419
100 419
101 419
27 420
29 420
98 420
30 421
31 421
96 421
97 421
98 421
31 422
33 422
34 422
96 422
35 423
93 423
95 423
36 424
37 424
38 424
39 424
39 425
41 425
91 425
43 426
44 426
89 426
90 426
91 426
44 427
47 427
89 427
49 428
50 429
52 429
85 429
52 430
83 430
85 430
55 431
83 431
57 432
58 432
59 432
60 432
80 432
81 432
82 432
62 433
63 433
64 434
65 434
78 434
79 434
65 435
76 435
77 435
74 436
70 437
73 437
