53 53
54 53
55 53
56 53
57 53
58 53
59 53
60 53
61 53
62 53
63 53
64 53
65 53
50 54
51 54
52 54
53 54
65 54
66 54
67 54
68 54
69 54
49 55
50 55
69 55
70 55
71 55
72 55
47 56
48 56
49 56
72 56
73 56
46 57
47 57
73 57
74 57
75 57
45 58
46 58
75 58
76 58
44 59
45 59
76 59
77 59
43 60
44 60
77 60
78 60
43 61
78 61
79 61
42 62
43 62
79 62
42 63
79 63
80 63
41 64
42 64
80 64
41 65
80 65
81 65
41 66
81 66
41 67
81 67
41 68
81 68
41 69
81 69
41 70
81 70
41 71
81 71
41 72
81 72
41 73
42 73
81 73
42 74
81 74
42 75
43 75
81 75
43 76
81 76
43 77
44 77
81 77
44 78
45 78
81 78
45 79
81 79
82 79
45 80
46 80
82 80
46 81
47 81
81 81
82 81
47 82
48 82
81 82
48 83
49 83
80 83
81 83
49 84
50 84
80 84
50 85
79 85
80 85
50 86
79 86
50 87
79 87
50 88
79 88
50 89
78 89
79 89
49 90
50 90
78 90
49 91
78 91
48 92
49 92
78 92
79 92
47 93
48 93
79 93
45 94
46 94
47 94
79 94
80 94
43 95
44 95
45 95
80 95
81 95
42 96
43 96
81 96
82 96
42 97
82 97
83 97
41 98
42 98
83 98
40 99
41 99
83 99
84 99
40 100
84 100
39 101
40 101
84 101
39 102
84 102
38 103
39 103
84 103
38 104
84 104
38 105
84 105
85 105
38 106
85 106
38 107
85 107
38 108
85 108
86 108
38 109
86 109
38 110
86 110
38 111
86 111
38 112
86 112
38 113
85 113
86 113
38 114
39 114
85 114
39 115
85 115
39 116
40 116
85 116
40 117
85 117
40 118
85 118
40 119
85 119
86 119
40 120
86 120
40 121
86 121
87 121
40 122
87 122
40 123
87 123
88 123
40 124
88 124
39 125
40 125
88 125
39 126
88 126
39 127
40 127
88 127
89 127
40 128
89 128
40 129
89 129
40 130
89 130
40 131
41 131
89 131
90 131
41 132
90 132
41 133
90 133
41 134
90 134
91 134
41 135
91 135
41 136
42 136
91 136
42 137
91 137
92 137
42 138
92 138
42 139
43 139
92 139
43 140
92 140
43 141
44 141
92 141
44 142
92 142
93 142
44 143
93 143
44 144
93 144
94 144
44 145
94 145
44 146
94 146
44 147
94 147
44 148
94 148
44 149
94 149
44 150
45 150
93 150
94 150
45 151
93 151
45 152
91 152
92 152
93 152
45 153
90 153
91 153
45 154
90 154
45 155
46 155
89 155
90 155
46 156
89 156
46 157
89 157
46 158
89 158
46 159
89 159
90 159
46 160
47 160
89 160
47 161
88 161
89 161
47 162
87 162
88 162
47 163
48 163
86 163
87 163
48 164
49 164
85 164
86 164
49 165
85 165
49 166
50 166
85 166
50 167
51 167
52 167
85 167
52 168
53 168
85 168
53 169
54 169
85 169
86 169
54 170
55 170
86 170
55 171
86 171
55 172
86 172
55 173
86 173
55 174
86 174
55 175
85 175
86 175
55 176
85 176
55 177
84 177
85 177
55 178
83 178
84 178
54 179
55 179
83 179
54 180
82 180
83 180
54 181
82 181
53 182
54 182
82 182
53 183
82 183
53 184
82 184
52 185
53 185
81 185
82 185
52 186
81 186
52 187
81 187
52 188
81 188
52 189
80 189
81 189
52 190
80 190
52 191
79 191
80 191
52 192
53 192
79 192
53 193
79 193
53 194
78 194
79 194
53 195
78 195
53 196
54 196
77 196
78 196
54 197
77 197
54 198
55 198
77 198
55 199
77 199
55 200
77 200
55 201
56 201
77 201
78 201
56 202
78 202
79 202
56 203
79 203
80 203
56 204
80 204
81 204
82 204
56 205
82 205
83 205
84 205
55 206
56 206
84 206
85 206
86 206
87 206
88 206
89 206
55 207
89 207
90 207
91 207
55 208
91 208
92 208
54 209
55 209
92 209
54 210
92 210
93 210
54 211
93 211
54 212
92 212
93 212
54 213
55 213
91 213
92 213
55 214
56 214
86 214
87 214
88 214
89 214
90 214
91 214
56 215
57 215
84 215
85 215
86 215
57 216
58 216
59 216
60 216
61 216
62 216
83 216
84 216
62 217
63 217
64 217
65 217
66 217
81 217
82 217
83 217
66 218
67 218
68 218
69 218
70 218
71 218
72 218
73 218
74 218
75 218
76 218
77 218
78 218
79 218
80 218
81 218
