52 53
53 53
54 53
55 53
56 53
57 53
58 53
59 53
60 53
61 53
62 53
63 53
64 53
65 53
66 53
50 54
51 54
52 54
66 54
67 54
68 54
69 54
49 55
50 55
69 55
70 55
71 55
72 55
47 56
48 56
49 56
72 56
73 56
74 56
46 57
47 57
74 57
75 57
76 57
45 58
46 58
76 58
77 58
44 59
45 59
77 59
78 59
43 60
44 60
78 60
43 61
78 61
79 61
42 62
43 62
79 62
80 62
42 63
80 63
41 64
42 64
80 64
81 64
41 65
81 65
41 66
81 66
82 66
41 67
82 67
41 68
82 68
41 69
82 69
41 70
82 70
41 71
82 71
41 72
81 72
82 72
41 73
42 73
81 73
42 74
81 74
42 75
43 75
81 75
43 76
81 76
43 77
44 77
81 77
44 78
81 78
44 79
45 79
81 79
45 80
46 80
81 80
46 81
47 81
81 81
47 82
48 82
81 82
48 83
80 83
81 83
48 84
49 84
80 84
49 85
79 85
80 85
49 86
79 86
49 87
79 87
49 88
78 88
79 88
49 89
78 89
48 90
49 90
78 90
47 91
48 91
78 91
46 92
47 92
78 92
45 93
46 93
78 93
79 93
44 94
45 94
79 94
80 94
42 95
43 95
44 95
80 95
41 96
42 96
80 96
81 96
40 97
41 97
81 97
82 97
40 98
82 98
83 98
39 99
40 99
83 99
39 100
83 100
38 101
39 101
83 101
38 102
83 102
37 103
38 103
83 103
37 104
83 104
84 104
37 105
84 105
37 106
84 106
37 107
84 107
85 107
37 108
85 108
37 109
85 109
37 110
85 110
37 111
85 111
37 112
85 112
37 113
85 113
37 114
38 114
84 114
85 114
38 115
84 115
38 116
39 116
84 116
39 117
84 117
39 118
84 118
85 118
39 119
85 119
39 120
85 120
86 120
39 121
86 121
39 122
86 122
87 122
39 123
87 123
39 124
87 124
39 125
87 125
88 125
39 126
88 126
39 127
88 127
39 128
88 128
39 129
88 129
89 129
39 130
89 130
39 131
89 131
39 132
89 132
90 132
39 133
40 133
90 133
40 134
90 134
40 135
90 135
91 135
40 136
91 136
40 137
41 137
91 137
41 138
91 138
92 138
41 139
92 139
41 140
42 140
92 140
42 141
92 141
42 142
92 142
42 143
92 143
93 143
42 144
43 144
93 144
43 145
93 145
94 145
43 146
94 146
43 147
94 147
43 148
94 148
43 149
94 149
43 150
93 150
94 150
43 151
93 151
43 152
91 152
92 152
93 152
43 153
90 153
91 153
43 154
90 154
43 155
44 155
89 155
90 155
44 156
45 156
89 156
45 157
89 157
45 158
46 158
89 158
90 158
46 159
90 159
46 160
89 160
90 160
46 161
47 161
88 161
89 161
47 162
87 162
88 162
47 163
86 163
87 163
47 164
48 164
85 164
86 164
48 165
49 165
85 165
49 166
50 166
85 166
50 167
51 167
52 167
85 167
52 168
53 168
85 168
53 169
54 169
85 169
54 170
55 170
85 170
55 171
85 171
55 172
85 172
86 172
55 173
86 173
55 174
85 174
86 174
55 175
85 175
55 176
84 176
85 176
55 177
84 177
55 178
83 178
84 178
54 179
55 179
83 179
54 180
82 180
83 180
53 181
54 181
82 181
53 182
82 182
52 183
53 183
82 183
52 184
82 184
52 185
82 185
51 186
52 186
82 186
51 187
81 187
82 187
51 188
81 188
51 189
81 189
51 190
52 190
80 190
81 190
52 191
80 191
52 192
80 192
52 193
53 193
79 193
80 193
53 194
79 194
53 195
79 195
53 196
54 196
78 196
79 196
54 197
78 197
54 198
55 198
77 198
78 198
55 199
77 199
55 200
77 200
55 201
77 201
78 201
55 202
78 202
79 202
55 203
79 203
80 203
81 203
55 204
81 204
82 204
55 205
82 205
83 205
84 205
54 206
55 206
84 206
85 206
86 206
87 206
54 207
87 207
88 207
89 207
54 208
89 208
90 208
91 208
54 209
91 209
92 209
54 210
92 210
54 211
92 211
54 212
91 212
92 212
54 213
55 213
89 213
90 213
91 213
55 214
56 214
87 214
88 214
89 214
56 215
57 215
85 215
86 215
87 215
57 216
58 216
59 216
60 216
61 216
62 216
83 216
84 216
85 216
62 217
63 217
64 217
65 217
66 217
82 217
83 217
66 218
67 218
68 218
69 218
70 218
71 218
72 218
73 218
74 218
75 218
76 218
77 218
78 218
79 218
80 218
81 218
82 218
