120 19
121 19
122 19
123 19
124 19
125 19
126 19
127 19
128 19
129 19
130 19
131 19
132 19
133 19
134 19
135 19
136 19
137 19
115 20
116 20
117 20
118 20
119 20
120 20
137 20
138 20
139 20
140 20
141 20
112 21
113 21
114 21
115 21
141 21
142 21
143 21
110 22
111 22
112 22
143 22
144 22
145 22
146 22
108 23
109 23
110 23
146 23
147 23
148 23
106 24
107 24
108 24
148 24
149 24
150 24
151 24
105 25
106 25
151 25
152 25
153 25
154 25
155 25
104 26
105 26
155 26
156 26
157 26
102 27
103 27
104 27
157 27
158 27
159 27
101 28
102 28
159 28
160 28
100 29
101 29
160 29
161 29
181 29
182 29
183 29
184 29
185 29
186 29
187 29
188 29
189 29
190 29
191 29
99 30
100 30
161 30
162 30
163 30
179 30
180 30
181 30
191 30
192 30
193 30
194 30
195 30
98 31
99 31
163 31
164 31
176 31
177 31
178 31
179 31
195 31
196 31
197 31
97 32
98 32
164 32
165 32
174 32
175 32
176 32
197 32
198 32
199 32
96 33
97 33
165 33
166 33
172 33
173 33
174 33
199 33
200 33
95 34
96 34
166 34
171 34
172 34
200 34
201 34
94 35
95 35
166 35
167 35
170 35
171 35
201 35
202 35
203 35
93 36
94 36
167 36
168 36
169 36
170 36
203 36
204 36
92 37
93 37
204 37
205 37
91 38
92 38
205 38
206 38
90 39
91 39
206 39
89 40
90 40
206 40
207 40
88 41
89 41
207 41
208 41
87 42
88 42
208 42
209 42
86 43
87 43
209 43
85 44
86 44
209 44
210 44
84 45
85 45
210 45
211 45
83 46
84 46
211 46
212 46
82 47
83 47
212 47
81 48
82 48
212 48
213 48
80 49
81 49
213 49
80 50
213 50
214 50
79 51
80 51
214 51
79 52
214 52
215 52
78 53
79 53
215 53
216 53
77 54
78 54
216 54
76 55
77 55
216 55
217 55
75 56
76 56
217 56
75 57
217 57
74 58
75 58
217 58
218 58
73 59
74 59
218 59
72 60
73 60
218 60
219 60
72 61
219 61
71 62
72 62
219 62
220 62
71 63
220 63
70 64
71 64
220 64
70 65
220 65
221 65
69 66
70 66
221 66
69 67
221 67
222 67
68 68
69 68
222 68
68 69
222 69
223 69
68 70
223 70
67 71
68 71
223 71
67 72
223 72
67 73
223 73
224 73
67 74
224 74
67 75
224 75
67 76
224 76
66 77
67 77
224 77
225 77
66 78
225 78
66 79
225 79
66 80
225 80
66 81
225 81
66 82
225 82
226 82
65 83
66 83
226 83
65 84
226 84
65 85
226 85
65 86
226 86
227 86
65 87
227 87
64 88
65 88
227 88
64 89
227 89
64 90
227 90
64 91
227 91
63 92
64 92
227 92
63 93
227 93
63 94
227 94
62 95
63 95
227 95
62 96
227 96
61 97
62 97
227 97
61 98
227 98
61 99
227 99
61 100
227 100
60 101
61 101
227 101
60 102
227 102
60 103
227 103
59 104
60 104
227 104
59 105
227 105
59 106
227 106
59 107
227 107
59 108
227 108
59 109
227 109
59 110
227 110
59 111
227 111
59 112
227 112
59 113
227 113
59 114
227 114
59 115
227 115
59 116
227 116
59 117
227 117
59 118
227 118
59 119
227 119
59 120
227 120
59 121
227 121
59 122
227 122
59 123
227 123
59 124
227 124
59 125
227 125
59 126
227 126
59 127
227 127
58 128
59 128
227 128
58 129
227 129
58 130
227 130
57 131
58 131
227 131
57 132
227 132
57 133
227 133
57 134
227 134
56 135
57 135
227 135
56 136
226 136
227 136
56 137
226 137
56 138
226 138
55 139
56 139
226 139
55 140
226 140
55 141
226 141
227 141
228 141
55 142
228 142
229 142
230 142
55 143
230 143
231 143
55 144
231 144
55 145
231 145
232 145
55 146
232 146
55 147
232 147
233 147
55 148
233 148
55 149
233 149
55 150
233 150
234 150
55 151
234 151
51 152
52 152
53 152
54 152
55 152
234 152
235 152
50 153
51 153
235 153
49 154
50 154
235 154
48 155
49 155
235 155
47 156
48 156
235 156
47 157
235 157
46 158
47 158
235 158
45 159
46 159
235 159
45 160
234 160
235 160
45 161
234 161
45 162
234 162
45 163
233 163
234 163
45 164
233 164
45 165
232 165
233 165
45 166
232 166
45 167
231 167
232 167
45 168
46 168
231 168
46 169
230 169
231 169
46 170
230 170
46 171
229 171
230 171
46 172
47 172
229 172
47 173
48 173
228 173
229 173
48 174
49 174
228 174
49 175
50 175
227 175
228 175
50 176
227 176
50 177
51 177
227 177
51 178
52 178
227 178
52 179
53 179
227 179
53 180
226 180
227 180
53 181
54 181
226 181
54 182
55 182
226 182
55 183
56 183
226 183
56 184
226 184
56 185
57 185
226 185
57 186
226 186
57 187
58 187
225 187
226 187
58 188
59 188
225 188
59 189
225 189
59 190
225 190
59 191
60 191
225 191
60 192
224 192
225 192
60 193
223 193
224 193
60 194
61 194
223 194
61 195
222 195
223 195
61 196
222 196
61 197
62 197
221 197
222 197
62 198
221 198
62 199
63 199
219 199
220 199
221 199
63 200
64 200
219 200
64 201
65 201
214 201
215 201
216 201
217 201
218 201
219 201
65 202
214 202
65 203
66 203
213 203
214 203
66 204
67 204
213 204
67 205
68 205
212 205
213 205
68 206
212 206
68 207
69 207
212 207
69 208
70 208
212 208
70 209
71 209
212 209
71 210
72 210
212 210
72 211
212 211
72 212
211 212
212 212
72 213
211 213
72 214
211 214
72 215
211 215
72 216
211 216
72 217
210 217
211 217
72 218
210 218
72 219
73 219
210 219
73 220
210 220
73 221
210 221
73 222
209 222
210 222
73 223
209 223
73 224
209 224
73 225
208 225
209 225
73 226
74 226
208 226
74 227
207 227
208 227
74 228
75 228
76 228
206 228
207 228
76 229
77 229
206 229
77 230
206 230
77 231
78 231
205 231
206 231
78 232
205 232
78 233
204 233
205 233
78 234
79 234
203 234
204 234
79 235
80 235
203 235
80 236
202 236
203 236
80 237
81 237
202 237
81 238
202 238
81 239
82 239
201 239
202 239
82 240
83 240
201 240
83 241
201 241
83 242
84 242
201 242
84 243
201 243
84 244
85 244
201 244
85 245
86 245
87 245
201 245
87 246
88 246
201 246
88 247
201 247
88 248
89 248
201 248
89 249
90 249
91 249
201 249
91 250
92 250
201 250
92 251
93 251
201 251
93 252
201 252
93 253
201 253
93 254
201 254
93 255
201 255
92 256
93 256
201 256
92 257
201 257
92 258
201 258
92 259
201 259
92 260
201 260
91 261
92 261
201 261
91 262
200 262
201 262
91 263
92 263
200 263
92 264
93 264
200 264
93 265
200 265
93 266
199 266
200 266
93 267
94 267
198 267
199 267
94 268
95 268
198 268
95 269
197 269
198 269
95 270
96 270
197 270
96 271
97 271
197 271
97 272
98 272
99 272
196 272
197 272
99 273
100 273
195 273
196 273
100 274
101 274
194 274
195 274
101 275
102 275
193 275
194 275
102 276
103 276
193 276
103 277
104 277
105 277
191 277
192 277
193 277
105 278
106 278
190 278
191 278
106 279
107 279
108 279
189 279
190 279
108 280
188 280
189 280
108 281
109 281
187 281
188 281
109 282
110 282
186 282
187 282
110 283
111 283
112 283
186 283
112 284
113 284
184 284
185 284
186 284
113 285
114 285
115 285
183 285
184 285
115 286
116 286
117 286
182 286
183 286
117 287
180 287
181 287
182 287
117 288
118 288
179 288
180 288
118 289
119 289
178 289
179 289
119 290
120 290
177 290
178 290
120 291
121 291
176 291
177 291
121 292
122 292
175 292
176 292
122 293
123 293
174 293
175 293
123 294
172 294
173 294
174 294
123 295
124 295
171 295
172 295
124 296
125 296
169 296
170 296
171 296
125 297
126 297
167 297
168 297
169 297
126 298
166 298
167 298
126 299
127 299
165 299
166 299
127 300
128 300
164 300
165 300
128 301
129 301
162 301
163 301
164 301
129 302
162 302
129 303
130 303
161 303
162 303
130 304
131 304
160 304
161 304
131 305
132 305
159 305
160 305
132 306
157 306
158 306
159 306
132 307
133 307
134 307
155 307
156 307
157 307
134 308
135 308
153 308
154 308
155 308
135 309
151 309
152 309
153 309
135 310
148 310
149 310
150 310
151 310
135 311
136 311
137 311
146 311
147 311
148 311
137 312
145 312
146 312
137 313
138 313
139 313
140 313
141 313
142 313
143 313
144 313
145 313
