132 22
133 22
134 22
135 22
136 22
137 22
138 22
139 22
140 22
141 22
128 23
129 23
130 23
131 23
132 23
141 23
142 23
143 23
144 23
145 23
146 23
147 23
125 24
126 24
127 24
128 24
147 24
148 24
149 24
150 24
151 24
123 25
124 25
125 25
151 25
152 25
153 25
154 25
155 25
119 26
121 26
122 26
123 26
155 26
156 26
157 26
118 27
119 27
120 27
121 27
157 27
158 27
114 28
116 28
117 28
118 28
158 28
159 28
160 28
109 29
110 29
111 29
112 29
113 29
114 29
115 29
116 29
160 29
161 29
108 30
109 30
161 30
162 30
163 30
108 31
163 31
164 31
107 32
108 32
164 32
165 32
106 33
107 33
165 33
166 33
105 34
106 34
166 34
173 34
174 34
175 34
176 34
177 34
178 34
179 34
180 34
181 34
182 34
104 35
105 35
166 35
167 35
171 35
172 35
173 35
182 35
183 35
184 35
185 35
186 35
103 36
104 36
167 36
168 36
169 36
170 36
171 36
186 36
187 36
188 36
102 37
103 37
188 37
189 37
101 38
102 38
189 38
190 38
100 39
101 39
190 39
191 39
99 40
100 40
191 40
192 40
193 40
194 40
99 41
194 41
195 41
196 41
98 42
99 42
196 42
197 42
97 43
98 43
197 43
198 43
96 44
97 44
198 44
199 44
95 45
96 45
199 45
200 45
94 46
95 46
200 46
201 46
202 46
93 47
94 47
202 47
203 47
93 48
203 48
92 49
93 49
203 49
204 49
91 50
92 50
204 50
205 50
90 51
91 51
205 51
89 52
90 52
205 52
206 52
88 53
89 53
206 53
87 54
88 54
206 54
207 54
86 55
87 55
207 55
208 55
85 56
86 56
208 56
84 57
85 57
208 57
209 57
83 58
84 58
209 58
210 58
82 59
83 59
210 59
81 60
82 60
210 60
80 61
81 61
210 61
211 61
79 62
80 62
211 62
79 63
211 63
78 64
79 64
211 64
212 64
77 65
78 65
212 65
76 66
77 66
212 66
213 66
76 67
213 67
214 67
75 68
76 68
214 68
74 69
75 69
214 69
215 69
73 70
74 70
215 70
72 71
73 71
215 71
216 71
72 72
216 72
71 73
72 73
216 73
70 74
71 74
216 74
217 74
70 75
217 75
69 76
70 76
217 76
218 76
69 77
218 77
219 77
68 78
69 78
219 78
67 79
68 79
219 79
67 80
219 80
67 81
219 81
67 82
219 82
66 83
67 83
219 83
66 84
219 84
65 85
66 85
219 85
65 86
219 86
65 87
219 87
64 88
65 88
219 88
64 89
219 89
64 90
219 90
64 91
219 91
63 92
64 92
219 92
63 93
219 93
63 94
219 94
62 95
63 95
219 95
62 96
219 96
61 97
62 97
219 97
61 98
219 98
61 99
219 99
61 100
219 100
60 101
61 101
219 101
60 102
219 102
60 103
219 103
59 104
60 104
219 104
59 105
219 105
59 106
219 106
59 107
219 107
59 108
219 108
59 109
219 109
59 110
219 110
59 111
219 111
59 112
219 112
59 113
219 113
59 114
219 114
59 115
219 115
59 116
219 116
220 116
59 117
220 117
59 118
220 118
59 119
220 119
59 120
220 120
59 121
220 121
59 122
220 122
59 123
220 123
59 124
220 124
59 125
220 125
59 126
220 126
59 127
220 127
59 128
220 128
59 129
220 129
59 130
220 130
59 131
220 131
59 132
220 132
59 133
220 133
59 134
220 134
59 135
220 135
221 135
59 136
221 136
59 137
221 137
59 138
221 138
59 139
60 139
221 139
222 139
60 140
222 140
60 141
222 141
223 141
224 141
225 141
226 141
227 141
228 141
60 142
228 142
60 143
228 143
229 143
60 144
61 144
229 144
230 144
61 145
230 145
61 146
230 146
61 147
229 147
230 147
61 148
229 148
61 149
62 149
229 149
62 150
229 150
62 151
63 151
229 151
63 152
229 152
63 153
64 153
228 153
229 153
54 154
55 154
64 154
228 154
54 155
55 155
56 155
57 155
64 155
65 155
228 155
53 156
54 156
57 156
58 156
59 156
65 156
228 156
53 157
59 157
60 157
61 157
65 157
228 157
52 158
53 158
61 158
62 158
63 158
64 158
65 158
228 158
51 159
52 159
228 159
51 160
227 160
228 160
50 161
51 161
227 161
50 162
227 162
50 163
227 163
50 164
227 164
50 165
51 165
227 165
51 166
227 166
51 167
227 167
51 168
227 168
51 169
52 169
227 169
52 170
53 170
227 170
53 171
227 171
53 172
227 172
53 173
54 173
227 173
54 174
227 174
54 175
227 175
54 176
55 176
227 176
55 177
227 177
55 178
227 178
55 179
56 179
227 179
56 180
226 180
227 180
56 181
57 181
226 181
57 182
226 182
57 183
226 183
57 184
58 184
226 184
58 185
226 185
58 186
59 186
226 186
59 187
225 187
226 187
59 188
225 188
59 189
60 189
225 189
60 190
225 190
60 191
225 191
60 192
224 192
225 192
60 193
61 193
223 193
224 193
61 194
223 194
61 195
222 195
223 195
61 196
62 196
222 196
62 197
221 197
222 197
62 198
63 198
221 198
63 199
219 199
220 199
221 199
63 200
64 200
65 200
219 200
65 201
212 201
213 201
214 201
215 201
216 201
217 201
218 201
219 201
65 202
212 202
65 203
66 203
212 203
66 204
67 204
212 204
67 205
68 205
212 205
68 206
212 206
68 207
69 207
212 207
69 208
70 208
212 208
70 209
71 209
212 209
71 210
72 210
73 210
212 210
73 211
74 211
212 211
74 212
75 212
76 212
211 212
212 212
76 213
77 213
211 213
77 214
211 214
77 215
211 215
77 216
211 216
77 217
210 217
211 217
77 218
210 218
77 219
210 219
77 220
210 220
77 221
210 221
77 222
209 222
210 222
77 223
209 223
77 224
209 224
77 225
208 225
209 225
77 226
208 226
77 227
207 227
208 227
77 228
206 228
207 228
77 229
206 229
77 230
206 230
77 231
78 231
205 231
206 231
78 232
205 232
78 233
204 233
205 233
78 234
79 234
203 234
204 234
79 235
80 235
203 235
80 236
202 236
203 236
80 237
81 237
202 237
81 238
202 238
81 239
82 239
201 239
202 239
82 240
83 240
201 240
83 241
201 241
83 242
84 242
201 242
84 243
201 243
84 244
85 244
201 244
85 245
86 245
87 245
201 245
87 246
88 246
201 246
88 247
201 247
88 248
89 248
201 248
89 249
90 249
91 249
201 249
91 250
92 250
201 250
92 251
93 251
201 251
93 252
201 252
93 253
201 253
93 254
201 254
93 255
201 255
92 256
93 256
201 256
92 257
201 257
92 258
201 258
92 259
201 259
92 260
201 260
91 261
92 261
201 261
91 262
200 262
201 262
91 263
200 263
91 264
200 264
91 265
200 265
91 266
199 266
200 266
91 267
199 267
91 268
199 268
91 269
198 269
199 269
91 270
197 270
198 270
91 271
197 271
91 272
197 272
91 273
197 273
91 274
196 274
197 274
91 275
92 275
196 275
92 276
195 276
196 276
92 277
194 277
195 277
92 278
93 278
194 278
93 279
193 279
194 279
93 280
94 280
193 280
94 281
192 281
193 281
94 282
95 282
191 282
192 282
95 283
96 283
191 283
96 284
97 284
190 284
191 284
97 285
98 285
189 285
190 285
98 286
99 286
189 286
99 287
100 287
188 287
189 287
100 288
101 288
187 288
188 288
101 289
102 289
186 289
187 289
102 290
103 290
186 290
103 291
104 291
185 291
186 291
104 292
105 292
184 292
185 292
105 293
106 293
183 293
184 293
106 294
107 294
183 294
107 295
108 295
182 295
183 295
108 296
109 296
181 296
182 296
109 297
110 297
180 297
181 297
110 298
111 298
112 298
179 298
180 298
112 299
113 299
178 299
179 299
113 300
114 300
178 300
114 301
115 301
176 301
177 301
178 301
115 302
116 302
174 302
175 302
176 302
116 303
117 303
174 303
117 304
118 304
173 304
174 304
118 305
119 305
120 305
172 305
173 305
120 306
121 306
122 306
170 306
171 306
172 306
122 307
123 307
168 307
169 307
170 307
123 308
124 308
166 308
167 308
168 308
124 309
125 309
165 309
166 309
125 310
126 310
127 310
164 310
165 310
127 311
128 311
129 311
162 311
163 311
164 311
129 312
161 312
162 312
129 313
130 313
131 313
158 313
159 313
160 313
161 313
131 314
132 314
156 314
157 314
158 314
132 315
133 315
134 315
135 315
153 315
154 315
155 315
156 315
135 316
136 316
152 316
153 316
136 317
137 317
148 317
149 317
150 317
151 317
152 317
137 318
138 318
139 318
145 318
146 318
147 318
148 318
139 319
140 319
141 319
142 319
143 319
144 319
145 319
