215 67
216 67
217 67
214 68
219 68
212 69
221 69
345 69
348 69
212 70
222 70
343 70
344 70
349 70
342 71
210 72
222 72
223 72
340 72
341 72
351 72
210 73
263 73
264 73
266 73
352 73
223 74
262 74
267 74
339 74
210 75
223 75
261 75
297 75
298 75
353 75
210 76
223 76
259 76
270 76
295 76
297 76
301 76
338 76
339 76
210 77
270 77
302 77
258 78
259 78
270 78
294 78
303 78
304 78
337 78
352 78
353 78
210 79
293 79
352 79
210 80
258 80
271 80
292 80
293 80
305 80
337 80
351 80
210 81
223 81
258 81
271 81
292 81
336 81
258 82
350 82
210 83
258 83
271 83
292 83
305 83
349 83
210 84
223 84
270 84
271 84
306 84
335 84
349 84
210 85
223 85
258 85
293 85
335 85
348 85
349 85
269 86
306 86
334 86
348 86
256 87
257 87
269 87
293 87
348 87
223 88
256 88
347 88
210 89
223 89
256 89
293 89
334 89
347 89
210 90
269 90
306 90
307 90
223 91
294 91
334 91
256 92
269 92
307 92
334 92
223 93
269 93
334 93
347 93
210 94
223 94
255 94
256 94
268 94
307 94
347 94
223 95
267 95
293 95
347 95
223 96
306 96
307 96
254 97
293 97
306 97
333 97
334 97
347 97
223 98
267 98
333 98
346 98
210 99
223 99
254 99
267 99
253 100
254 100
346 100
223 101
224 101
293 101
306 101
333 101
346 101
224 102
252 102
265 102
306 102
345 102
346 102
224 103
293 103
305 103
306 103
332 103
345 103
292 104
305 104
345 104
252 105
265 105
292 105
304 105
305 105
331 105
332 105
344 105
252 106
304 106
331 106
251 107
291 107
304 107
224 108
251 108
291 108
224 109
263 109
291 109
211 110
224 110
250 110
344 110
211 111
250 111
262 111
291 111
304 111
331 111
343 111
344 111
211 112
224 112
291 112
304 112
343 112
224 113
262 113
291 113
330 113
343 113
249 114
291 114
329 114
211 115
224 115
261 115
290 115
303 115
329 115
342 115
211 116
303 116
329 116
342 116
248 117
290 117
329 118
247 119
259 119
260 119
303 119
329 119
342 119
224 120
247 120
259 120
290 120
303 120
330 120
342 120
211 121
246 121
259 121
246 122
289 122
330 122
341 122
224 123
246 123
302 123
330 123
211 124
245 124
246 124
259 124
289 124
302 124
211 125
288 125
329 125
330 125
342 125
211 126
258 126
288 126
301 126
342 126
211 127
245 127
258 127
301 127
329 127
211 128
245 128
288 128
301 128
329 128
330 128
342 128
211 129
288 129
341 129
224 130
245 130
258 130
330 130
340 130
224 131
245 131
258 131
287 131
300 131
339 131
340 131
211 132
224 132
258 132
287 132
330 132
211 133
224 133
244 133
257 133
258 133
287 133
328 133
339 133
211 134
244 134
299 134
328 134
244 135
257 135
285 135
298 135
328 135
339 135
210 136
223 136
257 136
298 136
340 136
257 137
298 137
327 137
340 137
244 138
257 138
285 138
298 138
327 138
328 138
339 138
340 138
223 139
244 139
257 139
285 139
339 139
285 140
328 140
210 141
244 141
256 141
257 141
284 141
297 141
328 141
339 141
210 142
223 142
243 142
256 142
296 142
339 142
243 143
284 143
296 143
327 143
328 143
339 143
340 143
223 144
242 144
243 144
255 144
296 144
340 144
223 145
255 145
296 145
327 145
210 146
283 146
327 146
339 146
340 146
210 147
223 147
283 147
296 147
328 147
223 148
283 148
296 148
210 149
223 149
242 149
255 149
296 149
223 150
255 150
283 150
296 150
254 151
255 151
283 151
295 151
327 151
209 152
223 152
241 152
282 152
295 152
327 152
340 152
223 153
327 153
340 153
209 154
241 154
254 154
281 154
294 154
327 154
328 154
209 155
281 155
222 156
241 156
254 156
281 156
327 156
339 156
294 157
326 157
327 157
338 157
209 158
222 158
241 158
254 158
326 158
241 159
254 159
281 159
325 159
326 159
337 159
208 160
209 160
222 160
241 160
254 160
281 160
294 160
325 160
338 160
222 161
241 161
280 161
294 161
208 162
254 162
280 162
338 162
208 163
221 163
241 163
280 163
338 163
208 164
280 164
293 164
325 164
338 164
208 165
223 165
254 165
280 165
338 165
208 166
223 166
232 166
234 166
235 166
254 166
207 167
229 167
230 167
235 167
236 167
279 167
280 167
293 167
237 168
238 168
239 168
326 168
207 169
279 169
292 169
326 169
337 169
254 170
278 170
325 170
336 170
337 170
207 171
256 171
276 171
291 171
324 171
335 171
257 172
258 172
260 172
263 172
275 172
324 172
208 173
259 173
260 173
263 173
265 173
275 173
290 173
291 173
323 173
335 173
265 174
268 174
323 174
336 174
209 175
269 175
270 175
271 175
273 175
289 175
290 175
210 176
211 176
212 176
272 176
289 176
323 176
335 176
213 177
215 177
216 177
218 177
219 177
220 177
222 177
289 177
335 177
222 178
224 178
228 178
229 178
230 178
231 178
287 178
225 179
232 179
233 179
234 179
321 179
334 179
236 180
238 180
242 180
243 180
246 180
288 180
290 180
321 180
241 181
291 181
293 181
334 181
250 182
251 182
252 182
293 182
294 182
297 182
298 182
299 182
300 182
301 182
333 182
255 183
295 183
301 183
303 183
255 184
303 184
304 184
305 184
306 184
307 184
309 184
310 184
320 184
255 185
310 185
312 185
313 185
319 185
320 185
332 185
315 186
332 186
254 187
332 188
254 189
332 189
254 190
280 190
281 190
282 190
332 190
254 191
283 191
285 191
286 191
331 191
332 191
278 192
279 192
287 192
288 192
292 192
293 192
253 193
254 193
289 193
290 193
291 193
293 193
331 193
278 194
294 194
295 194
296 194
331 194
252 195
253 195
278 195
296 195
302 195
330 195
252 196
278 196
304 196
330 196
278 197
305 197
308 197
329 197
330 197
251 198
309 198
311 198
328 198
329 198
250 199
277 199
312 199
314 199
316 199
317 199
327 199
328 199
317 200
320 200
321 200
322 200
323 200
277 201
277 203
249 204
277 204
249 205
276 205
277 205
248 206
249 206
276 206
248 207
248 208
275 208
248 209
275 209
248 210
275 210
248 211
274 211
275 211
248 213
274 213
248 214
274 214
248 215
273 215
274 215
248 216
273 217
248 218
273 218
247 220
273 220
246 222
272 222
272 223
271 224
246 225
271 225
246 226
271 226
246 227
270 227
246 228
270 228
269 231
245 232
246 232
269 232
268 233
269 233
268 234
244 235
268 235
244 236
244 237
267 237
244 238
244 239
266 239
243 241
244 241
266 241
266 242
265 243
266 243
265 244
264 245
242 246
264 246
242 247
264 247
264 248
263 249
241 250
263 250
263 251
240 252
240 253
261 253
240 255
261 255
240 256
240 257
261 257
239 258
260 258
261 258
238 260
239 260
238 261
259 262
260 262
238 263
259 263
237 264
237 265
259 265
236 266
237 266
259 266
259 267
236 269
258 269
258 270
237 271
236 272
257 272
257 273
235 274
257 274
257 275
257 276
235 277
235 278
256 278
234 279
233 280
233 281
255 281
255 282
232 283
255 283
232 285
254 285
255 287
230 288
254 288
255 288
230 289
254 289
254 290
230 291
230 293
229 294
230 294
255 294
229 295
255 295
229 296
228 297
254 297
228 298
254 298
228 299
252 299
253 299
252 300
252 301
253 301
227 303
226 304
227 304
226 306
226 307
227 307
252 307
226 309
252 309
225 310
226 310
225 311
253 311
224 312
253 312
224 313
253 313
224 315
252 315
253 315
224 316
252 316
223 317
252 317
223 318
252 318
253 320
253 321
221 322
222 322
221 323
253 323
221 324
252 324
220 325
252 326
252 327
220 328
253 328
219 329
219 330
253 331
218 333
252 333
217 334
216 335
252 335
216 336
253 336
216 338
253 338
252 339
253 339
252 340
252 341
215 342
214 343
215 343
252 344
252 345
213 346
214 346
252 346
253 346
253 347
213 349
212 350
213 350
212 351
252 351
212 352
252 352
253 352
253 353
212 354
212 356
253 356
211 357
212 357
211 359
252 359
253 359
211 360
252 360
211 361
251 361
252 361
251 362
250 364
211 365
251 366
251 367
251 368
211 370
249 371
250 371
249 372
211 373
248 373
211 374
211 375
211 376
248 376
249 376
211 378
249 378
249 379
210 380
248 380
247 381
246 382
247 382
246 383
246 384
247 384
247 385
209 386
209 388
209 389
245 389
209 390
244 390
245 390
209 392
243 393
209 394
209 395
242 395
209 396
242 396
210 397
211 398
211 400
238 401
211 402
238 402
238 403
212 404
236 404
212 405
234 405
235 405
236 405
213 406
234 406
213 407
214 407
234 407
234 408
215 409
216 409
217 409
233 409
219 410
232 411
233 411
232 412
230 413
231 413
223 414
229 414
230 414
225 415
226 415
227 415
