191 67
193 67
191 68
196 68
189 69
196 69
197 69
187 70
188 70
197 70
198 70
198 71
186 72
187 72
198 72
199 72
199 73
186 74
186 75
199 75
185 76
199 76
185 77
199 77
198 78
184 79
198 79
288 79
289 79
290 79
291 79
184 80
287 80
288 80
184 81
197 81
198 81
293 81
285 82
294 82
295 82
197 83
295 83
183 84
197 84
283 84
284 84
295 84
296 84
183 85
196 85
197 85
218 85
220 85
221 85
283 85
183 86
196 86
217 86
221 86
222 86
223 86
283 86
183 87
216 87
223 87
224 87
196 88
215 88
224 88
283 88
296 88
183 89
196 89
225 89
283 89
296 89
213 90
214 90
226 90
183 91
196 91
213 91
226 91
283 91
296 91
196 92
213 92
226 92
283 92
296 92
182 93
195 93
213 93
226 93
283 93
182 94
226 94
256 94
257 94
258 94
259 94
283 94
296 94
181 95
182 95
195 95
226 95
256 95
259 95
260 95
283 95
195 96
213 96
253 96
254 96
261 96
262 96
296 96
194 97
195 97
213 97
226 97
252 97
253 97
263 97
283 97
194 98
226 98
252 98
263 98
283 98
213 99
251 99
263 99
283 99
296 99
180 100
181 100
213 100
251 100
264 100
295 100
180 101
194 101
213 101
226 101
264 101
282 101
283 101
295 101
180 102
194 102
226 102
193 103
212 103
225 103
251 103
282 103
180 104
212 104
224 104
225 104
251 104
294 104
180 105
193 105
211 105
212 105
264 105
294 105
193 106
251 106
264 106
281 106
193 107
210 107
211 107
224 107
264 107
294 107
180 108
193 108
223 108
224 108
251 108
180 109
210 109
251 109
264 109
294 109
180 110
193 110
210 110
223 110
251 110
281 110
294 110
295 110
179 111
180 111
193 111
210 111
223 111
251 111
264 111
179 112
193 112
210 112
223 112
250 112
263 112
282 112
295 112
179 113
192 113
209 113
210 113
250 113
263 113
282 113
295 113
192 114
209 114
222 114
250 114
262 114
192 115
209 115
222 115
262 115
282 115
192 116
209 116
222 116
249 116
262 116
295 116
179 117
192 117
209 117
261 117
262 117
282 117
192 118
249 118
261 118
282 118
295 118
179 119
192 119
222 119
260 119
179 120
209 120
248 120
282 120
295 120
179 121
192 121
209 121
260 121
282 121
192 122
222 122
260 122
282 122
179 123
193 123
209 123
247 123
295 123
179 124
209 124
222 124
246 124
247 124
259 124
282 124
295 124
179 125
193 125
209 125
222 125
246 125
282 125
180 126
193 126
209 126
222 126
245 126
246 126
295 126
180 127
193 127
209 127
222 127
245 127
258 127
295 127
180 128
222 128
258 128
180 129
193 129
222 129
245 129
246 129
282 129
193 130
221 130
246 130
257 130
295 130
208 131
221 131
245 131
246 131
256 131
257 131
281 131
180 132
193 132
208 132
221 132
244 132
245 132
255 132
256 132
294 132
244 133
255 133
280 133
281 133
193 134
208 134
221 134
243 134
255 134
256 134
280 134
293 134
294 134
180 135
193 135
208 135
221 135
243 135
280 135
193 136
208 136
243 136
256 136
293 136
180 137
208 137
221 137
279 137
293 137
180 138
193 138
208 138
243 138
256 138
292 138
293 138
193 139
208 139
221 139
279 139
292 139
180 140
243 140
244 140
256 140
279 140
292 140
180 141
193 141
221 141
244 141
255 141
278 141
279 141
292 141
180 142
193 142
208 142
221 142
243 142
244 142
254 142
255 142
291 142
180 143
193 143
208 143
221 143
243 143
253 143
254 143
278 143
291 143
180 144
193 144
208 144
221 144
242 144
253 144
291 144
180 145
193 145
208 145
221 145
241 145
254 145
278 145
193 146
208 146
221 146
254 146
278 146
291 146
180 147
193 147
221 147
254 147
277 147
291 147
180 148
208 148
221 148
241 148
253 148
254 148
290 148
291 148
221 149
240 149
253 149
277 149
290 149
180 150
193 150
208 150
253 150
180 151
209 151
222 151
239 151
277 151
180 152
239 152
252 152
290 152
180 153
193 153
239 153
277 153
290 153
180 154
193 154
209 154
222 154
239 154
277 154
194 155
209 155
223 155
290 155
180 156
194 156
195 156
196 156
198 156
199 156
200 156
201 156
202 156
209 156
223 156
239 156
252 156
276 156
180 157
205 157
206 157
209 157
224 157
276 157
290 157
181 158
206 158
207 158
209 158
239 158
252 158
276 158
223 159
224 159
239 159
252 159
276 159
223 160
239 160
252 160
223 161
239 161
252 161
289 161
223 162
224 162
226 162
239 162
275 162
276 162
226 163
227 163
228 163
252 163
289 163
180 164
229 164
231 164
232 164
234 164
239 164
288 164
289 164
180 165
229 165
231 165
239 165
274 165
275 165
180 166
236 166
180 167
252 167
274 167
288 167
180 168
253 168
274 168
287 168
288 168
180 169
253 169
274 169
287 169
180 170
253 170
274 170
287 170
180 171
253 171
287 171
180 172
255 172
256 172
257 172
258 172
274 172
287 172
253 173
254 173
255 173
259 173
260 173
274 173
180 174
261 174
262 174
264 174
265 174
267 174
274 174
287 174
180 175
267 175
268 175
269 175
270 175
271 175
272 175
273 175
287 175
286 176
287 176
286 177
285 178
180 179
285 179
180 180
285 180
285 181
285 184
180 185
285 185
285 187
180 188
285 188
180 191
285 191
181 194
285 194
182 195
285 195
182 196
183 196
285 196
183 197
184 197
285 197
185 198
186 198
188 198
190 198
191 198
191 199
285 199
194 200
195 200
196 200
197 200
197 201
198 201
202 201
203 201
204 201
206 201
285 201
199 202
200 202
201 202
206 202
207 202
208 203
209 203
285 203
209 204
210 204
209 207
210 207
236 207
237 207
241 207
243 207
284 207
209 208
235 208
237 208
239 208
244 208
245 208
284 208
209 209
235 209
245 209
246 209
252 209
209 210
235 210
247 210
248 210
249 210
250 210
252 210
253 210
284 210
209 211
235 211
253 211
254 211
255 211
260 211
257 212
258 212
260 212
283 212
284 212
208 213
209 213
235 213
261 213
263 213
283 213
208 214
235 214
263 214
264 214
265 214
266 214
267 214
269 214
270 214
282 214
283 214
208 215
270 215
271 215
272 215
282 215
208 216
235 216
272 216
279 216
275 217
276 217
277 217
278 217
208 218
235 218
208 220
235 220
208 221
235 221
208 222
235 223
208 224
235 225
208 226
235 226
208 227
208 229
235 229
235 230
208 232
235 232
208 233
235 233
208 234
235 234
235 235
235 236
235 237
208 238
235 238
235 239
235 240
208 241
235 241
208 242
209 242
209 243
235 243
209 244
235 244
209 245
235 245
235 246
209 247
210 247
235 248
235 249
210 250
211 250
235 250
211 251
211 252
235 252
212 253
212 254
235 255
212 256
213 256
235 256
213 257
213 258
213 259
214 259
235 259
214 260
235 260
214 261
235 261
214 262
214 263
235 263
214 264
214 266
235 266
214 267
236 267
214 268
215 268
236 268
215 269
237 269
215 270
237 270
215 272
237 272
237 273
215 275
237 275
237 277
215 278
237 278
215 279
237 279
215 280
237 280
215 281
237 281
214 282
215 282
237 282
214 284
237 284
214 285
237 285
237 286
237 287
214 288
237 288
214 289
214 290
237 290
237 292
214 293
237 293
214 294
236 296
237 296
213 297
236 297
236 298
236 300
236 301
212 302
213 302
236 303
212 304
212 305
235 305
212 306
235 306
235 308
211 309
235 309
235 311
235 312
211 313
235 313
234 314
211 315
233 315
234 315
210 316
211 316
232 316
233 316
231 317
210 318
231 318
210 319
231 319
232 319
210 320
232 320
210 321
233 321
233 322
233 323
209 324
233 324
209 325
209 326
233 326
209 327
233 327
209 328
233 328
209 329
209 330
208 331
233 331
233 332
208 333
233 333
233 334
207 335
208 335
207 336
232 336
232 337
207 338
232 338
232 339
207 340
232 340
207 342
232 342
207 343
206 344
231 344
232 344
206 345
231 345
206 346
231 346
206 347
206 349
206 350
231 350
205 351
206 351
230 351
230 352
230 353
205 354
230 354
205 355
205 356
230 356
205 357
230 357
204 358
205 358
229 358
230 358
204 359
229 359
204 362
229 362
204 364
204 365
229 365
204 366
229 366
203 367
204 367
203 368
229 368
229 369
203 370
229 370
203 371
229 371
229 372
228 373
229 373
203 374
228 374
203 375
228 375
203 376
228 376
228 377
203 379
203 380
228 380
203 381
228 381
203 382
228 383
203 384
227 384
203 385
227 386
227 387
227 388
203 389
227 389
203 390
227 390
203 391
227 391
226 392
227 392
226 393
203 394
225 394
226 394
203 395
224 395
225 395
203 396
204 396
223 396
224 396
204 397
220 397
221 397
222 397
220 398
205 399
206 399
220 399
206 400
207 400
207 401
208 401
209 401
209 402
210 402
213 402
214 402
215 402
