102 145
104 145
109 145
110 145
111 145
114 145
116 145
120 145
121 145
122 145
123 145
124 145
127 145
128 145
99 146
100 146
133 146
97 147
98 147
136 147
96 148
138 148
146 148
183 148
185 148
189 148
147 149
159 149
160 149
162 149
164 149
165 149
170 149
172 149
175 149
176 149
181 149
183 149
191 149
192 149
96 150
154 150
156 150
159 150
167 150
169 150
170 150
95 151
193 151
194 151
195 151
94 153
95 153
198 154
93 155
94 155
200 156
202 157
93 158
203 159
204 160
204 161
91 162
204 162
91 163
205 163
206 165
207 165
90 166
208 166
208 167
90 169
89 170
211 170
89 171
212 171
90 172
91 172
93 172
94 172
95 172
97 172
98 173
99 173
214 173
103 174
104 174
107 175
108 175
111 175
214 175
111 176
113 176
115 176
116 176
117 176
214 176
118 177
121 177
122 177
214 177
123 178
124 178
129 178
130 178
132 178
136 179
141 179
142 179
214 179
143 180
144 180
147 180
149 180
214 180
149 181
151 181
153 181
214 181
155 182
157 182
159 182
214 182
161 183
162 183
165 183
166 183
214 183
167 184
168 184
169 184
170 184
172 184
173 184
214 184
173 185
174 185
175 185
177 185
178 185
180 185
87 186
185 186
186 186
89 187
90 187
91 187
93 187
94 187
186 187
188 187
95 188
96 188
97 188
99 188
99 189
104 189
190 189
214 189
86 190
105 190
190 190
214 190
85 191
86 191
109 191
110 191
113 191
190 191
215 191
240 191
243 191
244 191
248 191
249 191
250 191
251 191
252 191
85 192
115 192
118 192
119 192
215 192
237 192
238 192
256 192
257 192
259 192
261 192
85 193
120 193
121 193
124 193
125 193
126 193
128 193
129 193
224 193
226 193
227 193
229 193
230 193
231 193
232 193
233 193
234 193
261 193
263 193
85 194
131 194
132 194
135 194
191 194
220 194
224 194
263 194
85 195
141 195
142 195
191 195
215 195
218 195
219 195
220 195
264 195
265 195
266 195
267 195
85 196
145 196
147 196
148 196
150 196
215 196
268 196
269 196
270 196
156 197
274 197
84 198
85 198
156 198
160 198
84 199
163 199
165 199
166 199
168 199
188 199
279 199
280 199
281 199
168 200
170 200
174 200
175 200
176 200
177 200
187 200
188 200
283 200
84 201
179 201
181 201
185 201
283 201
84 202
286 203
84 204
287 204
289 205
293 205
83 206
294 206
295 206
83 207
295 207
299 207
83 208
300 208
301 208
84 209
85 209
86 209
87 209
89 209
96 209
97 209
99 209
301 209
302 209
99 210
103 210
304 210
305 210
103 211
311 211
110 212
111 212
114 212
314 212
115 213
315 213
317 213
318 213
119 214
123 214
318 214
125 215
128 215
131 215
321 215
323 215
325 215
326 215
131 216
132 216
133 216
134 216
136 216
138 216
139 216
139 217
140 217
142 217
332 217
146 218
147 218
148 218
149 218
150 218
152 218
153 218
334 218
335 218
336 218
157 219
158 219
339 219
342 219
160 220
164 220
166 220
342 220
343 220
346 220
167 221
168 221
169 221
346 221
347 221
348 221
170 222
171 222
172 222
176 222
177 222
178 222
182 222
183 222
184 222
185 222
350 222
351 222
354 222
354 223
356 223
358 223
360 223
78 224
79 224
81 224
86 224
88 224
89 224
90 224
92 224
96 224
360 224
362 224
365 224
366 224
96 225
98 225
100 225
101 225
366 225
102 226
104 226
190 226
370 226
371 226
372 226
373 226
374 226
105 227
106 227
110 227
114 227
375 227
376 227
377 227
77 228
114 228
116 228
379 228
382 228
383 228
384 228
385 228
389 228
390 228
118 229
120 229
191 229
77 230
121 230
122 230
124 230
125 230
126 230
127 230
128 230
191 230
211 230
212 230
392 230
394 230
395 230
396 230
397 230
400 230
401 230
403 230
406 230
128 231
129 231
130 231
131 231
133 231
135 231
210 231
213 231
214 231
215 231
220 231
221 231
406 231
407 231
410 231
412 231
413 231
414 231
416 231
417 231
419 231
136 232
137 232
138 232
190 232
209 232
225 232
422 232
423 232
424 232
425 232
426 232
141 233
144 233
145 233
149 233
150 233
190 233
228 233
230 233
427 233
429 233
430 233
150 234
151 234
152 234
154 234
156 234
231 234
232 234
233 234
234 234
435 234
436 234
440 234
441 234
443 234
445 234
157 235
158 235
159 235
162 235
209 235
236 235
237 235
447 235
449 235
162 236
186 236
187 236
188 236
209 236
241 236
243 236
450 236
454 236
455 236
457 236
459 236
461 236
463 236
464 236
465 236
466 236
467 236
468 236
470 236
473 236
474 236
475 236
167 237
168 237
169 237
172 237
173 237
174 237
175 237
179 237
183 237
184 237
185 237
209 237
243 237
245 237
475 237
476 237
477 237
479 237
480 237
481 237
482 237
483 237
484 237
485 237
77 238
208 238
209 238
246 238
485 238
77 239
246 239
247 239
259 239
261 239
262 239
489 239
490 239
491 239
77 240
248 240
252 240
253 240
254 240
262 240
263 240
492 240
493 240
494 240
495 240
78 241
208 241
263 241
497 241
78 242
208 242
265 242
266 242
267 242
270 242
499 242
80 243
81 243
85 243
87 243
88 243
94 243
271 243
272 243
273 243
275 243
501 243
82 244
96 244
97 244
276 244
277 244
279 244
280 244
281 244
502 244
98 245
99 245
100 245
101 245
102 245
103 245
282 245
285 245
504 245
505 245
103 246
208 246
507 246
106 247
109 247
110 247
111 247
112 247
208 247
289 247
290 247
291 247
292 247
112 248
114 248
115 248
116 248
118 248
119 248
210 248
295 248
296 248
297 248
508 248
120 249
121 249
122 249
123 249
127 249
298 249
511 249
513 249
132 250
210 250
301 250
302 250
303 250
516 250
517 250
134 251
136 251
138 251
142 251
304 251
305 251
144 252
146 252
149 252
150 252
151 252
154 252
306 252
308 252
154 253
155 253
158 253
160 253
161 253
165 253
166 253
167 253
311 253
312 253
171 254
172 254
176 254
177 254
211 254
313 254
314 254
519 254
520 254
178 255
179 255
180 255
211 255
317 255
318 255
319 255
322 255
323 255
323 256
327 256
328 256
331 256
332 256
520 256
81 257
83 257
84 257
181 257
182 257
211 257
77 258
78 258
85 258
86 258
87 258
88 258
89 258
93 258
94 258
335 258
337 258
77 259
96 259
183 259
340 259
341 259
342 259
343 259
344 259
97 260
102 260
344 260
348 260
520 260
102 261
183 261
210 261
211 261
348 261
350 261
77 262
78 262
104 262
105 262
109 262
352 262
353 262
78 263
111 263
113 263
114 263
115 263
116 263
117 263
183 263
354 263
358 263
118 264
119 264
183 264
209 264
358 264
361 264
78 265
126 265
127 265
128 265
130 265
131 265
182 265
364 265
366 265
522 265
77 266
132 266
133 266
134 266
135 266
137 266
207 266
371 266
373 266
374 266
375 266
376 266
142 267
144 267
146 267
149 267
150 267
180 267
181 267
206 267
376 267
522 267
150 268
151 268
152 268
154 268
155 268
157 268
159 268
162 268
179 268
180 268
206 268
379 268
380 268
381 268
77 269
163 269
164 269
165 269
166 269
169 269
170 269
171 269
172 269
173 269
174 269
175 269
177 269
178 269
204 269
521 269
203 270
520 270
521 270
78 271
79 271
202 271
79 272
200 272
392 272
80 273
198 273
200 273
392 273
393 273
394 273
396 273
82 274
85 274
86 274
87 274
88 274
89 274
90 274
198 274
396 274
96 275
97 275
98 275
99 275
100 275
103 275
105 275
401 275
402 275
93 276
95 276
100 276
101 276
103 276
105 276
107 276
196 276
197 276
403 276
516 276
517 276
108 277
110 277
115 277
116 277
194 277
196 277
404 277
405 277
409 277
410 277
515 277
110 278
116 278
120 278
121 278
194 278
515 278
122 279
124 279
126 279
418 279
424 279
425 279
426 279
427 279
515 279
126 280
192 280
193 280
420 280
421 280
422 280
428 280
429 280
430 280
434 280
516 280
130 281
132 281
133 281
191 281
434 281
435 281
439 281
441 281
516 281
190 282
437 282
439 282
441 282
135 283
189 283
443 283
452 283
516 283
137 284
138 284
446 284
447 284
453 285
454 285
455 285
514 285
140 286
142 286
186 286
457 286
458 286
514 286
142 287
143 287
144 287
184 287
185 287
146 288
147 288
463 288
464 288
465 288
468 288
507 288
509 288
147 289
163 289
164 289
469 289
471 289
472 289
473 289
474 289
476 289
477 289
479 289
501 289
502 289
503 289
504 289
505 289
506 289
149 290
150 290
152 290
161 290
162 290
479 290
480 290
482 290
483 290
499 290
500 290
152 291
153 291
156 291
157 291
159 291
168 291
169 291
170 291
180 291
487 291
490 291
492 291
496 291
498 291
499 291
170 292
171 292
173 293
177 293
173 294
175 294
