236 23
237 23
239 23
240 23
241 23
242 24
233 25
234 25
235 25
236 25
242 25
245 25
232 26
233 26
245 26
246 26
232 27
230 28
231 28
75 29
76 29
186 29
188 29
189 29
190 29
191 29
248 29
185 30
191 30
248 30
78 31
80 31
135 31
137 31
184 31
191 31
228 31
230 31
68 32
228 32
250 32
67 33
81 33
129 33
131 33
139 33
181 33
250 33
83 34
180 34
197 34
227 34
228 34
179 35
197 35
227 35
250 35
126 36
142 36
144 36
197 36
227 36
64 37
65 37
84 37
198 37
227 37
85 38
144 38
177 38
199 38
227 38
126 39
199 39
227 39
63 40
85 40
124 40
199 40
63 41
85 42
124 42
177 42
227 42
124 43
146 43
199 43
250 43
63 44
249 44
124 45
146 45
199 45
227 45
248 45
63 46
124 46
124 47
177 47
85 48
124 48
199 48
227 48
63 49
85 49
124 49
199 49
124 50
85 51
124 51
177 51
248 51
175 52
176 52
248 52
146 53
227 53
248 53
85 54
124 54
227 54
146 55
175 55
199 55
227 55
248 55
84 56
124 56
146 56
175 56
225 56
248 56
146 57
175 57
197 57
248 57
62 58
146 58
225 59
146 60
124 61
124 62
175 62
247 62
124 63
146 63
225 63
124 64
146 64
197 64
62 65
83 65
123 65
175 65
225 65
247 65
146 66
197 66
247 66
62 67
247 67
62 68
83 68
123 68
225 68
62 70
83 70
123 70
175 70
197 70
225 70
144 71
225 72
83 73
123 73
144 73
197 73
247 73
83 74
123 74
123 75
197 75
224 75
247 75
62 76
83 76
123 76
224 76
247 76
62 77
174 77
197 77
247 77
123 78
174 78
224 78
245 78
246 78
247 78
62 79
174 79
195 79
123 80
195 80
245 80
123 81
174 81
195 81
83 82
224 82
83 84
62 86
144 86
174 87
62 88
83 88
123 88
144 88
60 89
61 89
121 89
123 89
194 89
224 89
60 90
121 91
172 91
194 91
224 91
83 92
172 92
194 92
82 93
83 93
121 93
172 93
224 93
173 94
81 95
142 95
192 95
224 95
245 95
121 96
192 96
245 96
60 97
142 97
175 97
191 97
192 97
245 97
121 98
142 98
175 98
191 98
245 98
121 99
175 99
224 99
121 100
174 100
175 100
189 100
245 100
174 101
142 102
172 102
245 102
121 103
245 103
60 104
142 104
191 104
142 105
192 105
119 106
60 107
81 107
141 107
81 108
169 108
171 108
245 108
58 109
58 110
245 110
58 111
81 111
169 111
58 112
169 112
191 112
245 112
141 113
58 114
80 114
191 114
245 114
58 115
119 115
169 115
119 116
141 116
169 116
245 116
119 117
141 117
191 117
224 117
169 118
224 118
80 119
141 119
167 119
245 119
80 120
119 120
167 120
222 120
167 121
190 121
222 121
244 121
245 121
167 122
244 122
119 123
141 123
244 123
119 124
141 124
244 124
58 125
141 125
167 125
189 125
141 126
166 126
80 127
119 127
141 127
221 127
58 129
119 129
166 129
188 129
189 129
244 129
244 130
58 131
119 131
166 131
242 131
243 131
244 131
58 132
141 132
80 133
119 133
242 133
80 134
141 134
80 135
165 135
166 135
187 135
220 135
58 136
119 136
187 136
219 136
242 136
80 137
242 137
80 138
119 138
141 138
186 138
187 138
58 139
80 139
240 139
241 139
141 140
240 140
141 141
186 141
58 142
80 142
141 142
217 142
218 142
80 143
164 143
186 144
217 144
141 145
217 145
58 146
141 146
186 146
217 146
240 146
80 147
141 147
164 147
58 148
80 148
118 148
163 148
216 148
217 148
58 149
118 149
141 149
118 150
186 150
58 151
141 151
184 151
216 151
239 151
139 152
140 152
141 152
163 152
184 152
239 152
214 153
216 153
58 154
184 154
237 154
58 155
80 155
163 155
184 155
58 156
163 156
212 156
80 157
139 157
184 157
81 158
118 158
212 158
81 159
139 159
58 160
81 160
118 160
163 160
184 160
139 161
162 161
184 161
211 161
58 162
81 162
211 162
118 163
184 163
211 163
60 164
81 164
161 164
184 164
209 164
210 164
183 165
233 165
81 166
83 166
138 166
161 166
183 166
232 166
209 167
116 168
183 168
231 168
116 169
138 169
161 169
208 169
61 170
183 170
208 170
231 170
84 171
85 171
138 171
183 171
138 172
204 172
206 172
116 173
159 173
183 173
204 174
227 174
229 174
116 175
86 176
116 176
138 176
182 176
86 177
87 177
88 177
116 177
138 177
159 177
116 179
159 179
181 179
202 179
138 180
65 181
200 181
226 181
65 182
66 182
89 182
90 182
138 182
181 182
198 182
199 182
224 182
91 183
92 183
138 183
179 183
66 184
138 184
223 184
138 185
198 185
158 186
179 186
196 186
221 186
222 186
68 187
93 187
156 187
157 187
221 187
96 188
97 188
156 188
195 189
220 189
100 190
101 190
156 190
179 190
195 190
219 190
156 191
72 192
138 192
178 192
73 193
116 193
138 193
191 193
218 193
73 194
104 194
116 194
156 194
216 194
156 195
188 195
189 195
139 196
156 196
178 196
187 196
76 197
107 197
139 197
76 198
107 198
116 198
178 198
186 198
76 199
77 199
110 199
139 199
184 199
215 199
112 200
117 200
118 200
178 200
184 200
211 200
118 201
156 201
179 201
180 201
181 201
182 201
211 201
118 202
80 203
81 203
113 203
115 203
116 203
117 203
139 203
156 203
210 203
211 203
81 204
81 205
139 205
208 205
210 205
153 206
208 206
83 207
84 207
207 207
153 208
86 209
142 209
143 209
144 209
146 209
149 209
151 209
86 210
88 210
203 210
90 211
201 211
202 211
92 212
200 212
199 214
94 215
197 215
199 215
94 216
95 216
194 216
95 217
96 218
97 218
192 218
97 219
98 219
189 220
187 221
188 221
189 221
187 222
101 223
102 223
103 223
105 224
106 225
186 225
110 227
186 227
113 228
113 229
116 229
116 230
116 231
186 231
116 232
116 233
186 235
186 240
116 243
186 244
116 247
186 247
116 248
186 248
116 252
116 255
186 255
118 258
186 258
186 259
186 262
184 263
118 264
184 264
184 265
116 269
184 269
184 271
184 272
116 273
114 277
183 277
183 280
113 281
113 284
182 284
113 286
111 288
113 288
181 288
181 293
111 294
181 294
110 295
179 295
180 295
181 295
179 296
179 297
110 299
179 301
108 302
179 302
108 304
178 304
108 305
178 305
178 306
108 308
178 308
108 309
108 310
108 311
108 312
108 313
108 314
178 314
108 315
176 316
107 317
176 317
106 318
106 319
174 326
106 327
174 327
174 328
106 330
174 330
106 332
174 332
106 333
174 333
174 335
174 339
173 341
106 343
106 344
173 344
106 346
173 347
173 348
173 349
106 350
106 352
173 356
108 357
173 358
108 359
173 359
108 360
171 360
108 362
108 363
171 365
171 366
108 367
171 367
108 368
108 370
171 371
171 373
171 377
170 380
170 382
108 384
108 387
170 387
170 388
170 389
108 390
170 390
108 391
108 392
170 392
108 394
170 394
108 395
170 395
108 397
170 398
108 400
170 401
168 402
108 403
168 403
168 404
108 405
168 405
168 406
108 408
168 410
168 412
108 414
166 415
108 416
108 417
166 417
166 419
108 421
166 421
165 422
165 423
108 426
108 428
108 429
165 430
165 432
165 433
165 434
163 435
106 436
106 437
163 437
163 438
106 439
163 439
106 440
105 441
163 441
105 443
160 444
105 445
160 446
105 451
105 452
105 453
160 454
105 455
105 458
160 460
105 461
160 461
158 462
159 462
158 464
105 465
158 465
158 466
105 467
158 467
105 468
158 468
157 469
157 470
105 471
105 472
157 472
157 473
157 475
105 476
157 477
155 478
156 478
105 481
155 483
105 485
105 486
154 486
154 487
105 488
105 490
105 492
105 493
105 494
105 495
152 495
105 496
105 497
105 498
150 500
105 502
150 502
105 503
105 504
105 505
150 505
150 506
149 508
105 509
149 509
149 510
105 511
105 513
147 513
146 515
105 518
146 519
105 520
144 521
146 521
105 522
142 526
143 526
105 529
105 530
142 531
105 532
105 533
141 536
139 537
103 540
103 541
103 542
139 543
139 544
103 545
103 547
138 547
138 550
102 551
103 551
137 552
138 552
136 554
136 555
102 557
102 558
136 558
102 559
135 560
102 562
102 563
102 565
134 566
100 568
134 568
134 569
100 572
100 573
100 575
134 576
135 577
136 578
100 580
136 581
100 582
136 583
136 584
136 585
136 586
136 588
100 589
136 590
136 591
102 592
135 592
136 592
102 595
131 598
133 598
103 599
103 600
105 600
131 600
105 601
106 601
131 601
130 602
107 603
128 603
108 605
109 605
126 605
127 605
128 605
110 606
114 608
122 608
123 608
114 609
117 609
119 609
120 609
121 609
122 609
