278 41
279 41
280 41
281 41
242 42
243 42
244 42
276 42
278 42
281 42
282 42
240 43
245 43
246 43
283 43
284 43
314 43
315 43
316 43
318 43
320 43
323 43
325 43
248 44
274 44
275 44
284 44
285 44
327 44
328 44
238 45
248 45
249 45
274 45
285 45
238 46
273 46
286 46
310 46
311 46
331 46
237 47
238 47
249 47
273 47
286 47
331 47
332 47
211 48
214 48
215 48
237 48
250 48
273 48
307 48
308 48
333 48
209 49
211 49
217 49
237 49
273 49
306 49
333 49
334 49
207 50
208 50
209 50
218 50
250 50
273 50
286 50
306 50
335 50
205 51
206 51
219 51
250 51
273 51
286 51
305 51
306 51
335 51
220 52
286 52
305 52
335 52
203 53
204 53
220 53
237 53
273 53
304 53
305 53
220 54
250 54
273 54
286 54
336 54
202 55
250 55
273 55
286 55
304 55
337 55
202 56
237 56
250 56
337 56
202 57
250 57
286 57
304 57
337 57
222 58
237 58
273 58
286 58
337 58
202 59
237 59
273 59
286 59
304 59
337 59
338 59
237 60
273 60
286 60
304 60
237 61
272 61
273 61
285 61
222 62
272 62
284 62
285 62
304 62
338 62
222 63
237 63
271 63
272 63
304 63
338 63
201 64
202 64
223 64
237 64
304 64
338 64
201 65
223 65
250 65
271 65
284 65
304 65
338 65
201 66
250 66
271 66
283 66
284 66
303 66
304 66
201 67
222 67
237 67
270 67
271 67
283 67
338 67
201 68
221 68
237 68
250 68
283 68
303 68
201 69
221 69
237 69
250 69
269 69
282 69
303 69
338 69
201 70
221 70
236 70
237 70
250 70
269 70
282 70
338 70
221 71
236 71
282 71
303 71
249 72
201 73
249 73
269 73
282 73
303 73
201 74
236 74
281 74
338 74
201 75
222 75
268 75
269 75
281 75
222 76
236 76
249 76
268 76
280 76
201 77
235 77
236 77
280 77
235 78
267 78
280 78
302 78
303 78
338 78
248 79
280 79
338 79
222 80
279 80
302 80
337 80
201 81
222 81
235 81
248 81
279 81
302 81
337 81
235 82
248 82
302 82
201 83
248 83
266 83
279 83
337 83
222 84
248 84
266 84
279 84
302 84
337 84
201 85
222 85
235 85
248 85
266 85
279 85
234 86
235 86
279 86
337 86
201 87
222 87
265 87
278 87
279 87
302 87
337 87
200 88
222 88
234 88
278 88
337 88
200 89
222 89
247 89
336 89
200 90
234 90
247 90
200 91
234 91
278 91
302 91
247 92
265 92
302 92
200 93
222 93
233 93
234 93
278 93
336 93
233 94
278 94
336 94
200 95
222 95
233 95
246 95
265 95
302 95
335 95
336 95
264 96
200 97
221 97
233 97
264 97
277 97
278 97
200 98
221 98
246 98
264 98
302 98
335 98
200 99
233 99
246 99
264 99
277 99
302 99
221 100
233 100
302 100
335 100
246 101
264 101
277 101
302 101
232 102
233 102
246 102
264 102
277 102
334 102
232 103
246 103
277 103
302 103
245 104
334 104
199 105
232 105
245 105
263 105
276 105
221 106
232 106
245 106
276 106
334 106
199 107
221 107
231 107
232 107
245 107
301 107
333 107
334 107
199 108
221 108
231 108
263 108
301 108
199 109
231 109
244 109
263 109
231 110
263 110
276 110
199 111
221 111
244 111
263 111
199 112
221 112
230 112
262 112
263 112
300 112
199 113
244 113
221 114
244 114
332 114
199 115
221 115
230 115
262 115
275 115
331 115
199 116
221 116
230 116
275 116
299 116
199 117
230 117
261 117
262 117
299 117
331 117
221 118
261 118
299 118
330 118
199 119
229 119
261 119
330 119
221 120
229 120
243 120
261 120
330 120
221 121
229 121
242 121
261 121
274 121
329 121
199 122
221 122
229 122
242 122
260 122
274 122
328 122
329 122
199 123
229 123
260 123
273 123
221 124
229 124
242 124
297 124
298 124
328 124
221 125
228 125
242 125
328 125
272 126
273 126
297 126
199 127
228 127
241 127
272 127
297 127
326 127
199 128
259 128
296 128
199 129
241 129
258 129
272 129
295 129
296 129
326 129
199 130
221 130
228 130
272 130
324 130
221 131
228 131
295 131
324 131
200 132
221 132
228 132
241 132
258 132
271 132
324 132
228 133
258 133
294 133
323 133
324 133
200 134
222 134
227 134
241 134
271 134
323 134
241 135
257 135
293 135
322 135
323 135
227 136
240 136
241 136
257 136
270 136
292 136
293 136
322 136
201 137
201 138
225 138
227 138
240 138
257 138
292 138
321 138
225 139
227 139
240 139
257 139
270 139
290 139
201 140
202 140
225 140
226 140
227 140
269 140
320 140
256 141
269 141
202 142
256 142
286 142
318 142
240 143
256 143
269 143
286 143
318 143
203 144
256 144
269 144
285 144
318 144
203 145
240 145
269 145
283 145
284 145
240 146
256 146
282 146
283 146
316 146
269 147
315 147
269 148
281 148
282 148
205 149
206 149
240 149
269 149
280 149
314 149
315 149
206 150
239 150
269 150
279 150
280 150
313 150
314 150
269 151
279 151
312 151
209 152
256 152
312 152
209 153
279 153
209 154
239 154
256 154
279 154
210 155
211 155
239 155
256 155
270 155
279 155
211 156
240 156
257 156
211 157
212 157
242 157
243 157
257 157
270 157
212 158
213 158
307 158
246 159
247 159
274 159
275 159
276 159
306 159
307 159
214 160
215 160
257 160
270 160
272 160
273 160
274 160
305 160
306 160
215 161
216 161
249 161
257 161
271 161
272 161
305 161
218 162
249 162
252 162
253 162
256 162
219 163
301 165
299 166
298 167
299 167
219 168
220 168
298 168
220 170
297 170
297 171
221 172
222 172
293 173
294 173
295 173
222 174
292 174
293 174
223 175
290 175
291 175
292 175
289 176
224 177
224 178
224 180
224 181
225 181
285 181
286 181
225 183
284 183
226 184
284 184
226 185
226 186
282 186
283 186
227 187
227 188
227 189
280 189
227 190
228 190
228 191
279 191
228 192
278 193
279 193
228 194
229 195
277 195
278 195
277 196
229 197
229 199
276 199
275 200
276 200
274 202
275 202
230 203
230 204
273 204
272 206
271 208
272 208
231 209
271 209
269 212
268 213
269 213
231 214
231 216
267 216
231 217
267 217
267 218
231 219
266 219
230 220
230 221
265 221
230 223
265 223
230 224
264 224
265 224
264 226
230 227
264 227
264 228
229 229
230 229
264 229
229 231
229 232
229 236
264 236
229 237
264 238
229 240
263 240
229 241
263 241
263 242
229 243
263 243
229 244
263 244
263 246
262 247
263 247
262 248
262 249
229 250
262 250
229 251
230 251
230 252
261 252
230 253
261 253
230 254
260 256
230 257
260 257
259 258
230 259
258 259
259 259
230 261
257 262
258 262
257 263
230 265
257 265
257 266
257 267
257 268
230 269
257 270
230 271
230 272
257 272
230 273
256 273
230 274
256 274
230 275
256 275
230 276
256 276
230 277
255 277
230 278
229 280
229 281
254 281
229 282
254 283
229 284
254 284
229 285
254 285
228 287
228 289
254 289
227 290
227 292
227 293
253 293
254 293
226 295
227 295
226 296
253 296
226 297
253 297
253 298
226 299
225 300
226 300
253 300
252 301
252 302
252 303
225 305
252 305
225 306
252 306
225 307
224 308
252 309
224 310
224 311
252 311
251 313
224 314
251 314
251 317
224 318
251 319
224 320
251 320
224 321
224 322
251 322
251 324
224 325
251 329
251 330
251 331
224 333
251 333
224 334
224 335
251 335
224 336
251 336
224 337
251 337
224 338
251 338
251 339
251 340
224 341
251 341
224 342
224 343
251 343
251 346
251 347
225 348
251 349
225 350
251 350
225 351
251 351
250 352
251 352
225 353
250 353
250 354
225 356
250 356
250 357
225 358
249 358
225 359
249 359
249 361
249 362
225 363
249 363
225 364
249 364
249 365
225 366
225 367
249 367
248 369
248 371
225 372
248 372
248 373
248 374
224 375
225 375
248 376
224 377
248 378
248 379
224 380
224 381
248 381
248 382
224 383
224 385
248 385
224 386
248 386
224 388
248 388
224 389
247 390
224 391
247 391
224 392
247 392
224 393
247 393
224 395
247 396
224 397
247 397
247 398
225 399
246 399
225 402
246 402
225 404
246 404
225 405
246 405
246 407
246 408
225 409
246 409
246 410
225 411
245 411
246 411
225 412
225 413
225 414
225 415
245 415
245 416
225 417
245 417
225 419
245 419
224 420
245 420
245 424
245 425
245 426
224 427
245 427
224 428
245 428
224 429
244 429
245 429
224 430
244 430
224 431
244 431
224 432
244 432
244 433
224 434
244 434
243 435
224 436
224 437
243 437
224 438
242 438
242 439
225 440
241 440
225 441
241 442
225 443
225 444
238 445
226 446
238 447
237 448
230 449
231 449
234 449
