332 47
333 47
335 47
336 47
331 48
332 48
337 48
338 48
329 49
330 49
338 49
339 49
328 50
339 50
340 50
328 51
340 51
327 52
328 52
179 53
181 53
182 53
327 53
341 53
178 54
327 54
176 55
177 55
185 55
341 55
176 56
186 56
224 56
278 56
281 56
328 56
175 57
220 57
221 57
222 57
225 57
276 57
341 57
174 58
175 58
187 58
219 58
275 58
276 58
283 58
328 58
341 58
218 59
229 59
274 59
284 59
285 59
341 59
229 60
274 60
285 60
174 61
187 61
218 61
285 61
286 61
328 61
341 61
187 62
286 62
328 62
230 63
273 63
286 63
328 63
341 63
187 64
273 64
328 64
341 64
173 65
186 65
286 65
328 65
341 65
173 66
217 66
273 66
286 66
341 66
217 67
273 67
286 67
186 68
217 68
273 68
173 69
186 69
217 69
230 69
286 69
341 69
173 70
186 70
217 70
230 70
286 70
328 70
341 70
286 71
328 71
186 72
273 72
328 72
173 73
273 73
286 73
328 73
173 74
186 74
217 74
287 74
328 74
341 74
230 75
287 75
328 75
341 75
186 76
217 77
230 77
274 77
287 77
328 77
341 77
230 78
274 78
287 78
328 78
341 78
230 79
287 79
328 79
217 80
230 80
173 81
186 81
230 81
328 81
329 81
217 82
287 82
186 83
230 83
287 83
329 83
342 83
173 84
186 84
217 84
230 84
273 84
274 84
342 84
173 85
186 85
287 85
329 85
342 85
173 86
186 86
217 86
342 86
186 87
217 87
230 87
329 87
173 88
186 88
217 88
230 88
273 88
286 88
342 88
173 89
186 89
217 89
273 89
329 89
217 90
230 90
273 90
329 90
342 90
173 91
187 91
217 91
230 91
273 91
329 91
173 92
174 92
217 92
273 92
329 92
342 92
187 93
272 93
273 93
329 93
342 93
217 94
231 94
285 94
286 94
342 94
174 95
231 95
272 95
285 95
329 95
342 95
187 96
217 96
218 96
272 96
328 96
341 96
174 97
231 97
341 97
271 98
285 98
341 98
187 99
218 99
231 99
284 99
341 99
174 100
187 100
188 100
270 100
271 100
341 100
174 101
231 101
328 101
341 101
188 102
218 102
231 102
270 102
283 102
327 102
175 103
188 103
231 103
232 103
270 103
340 103
341 103
232 104
283 104
327 104
340 104
175 105
176 105
189 105
219 105
232 105
269 105
270 105
283 105
340 105
176 106
219 106
282 106
283 106
340 106
176 107
189 107
219 107
269 107
282 107
326 107
340 107
219 108
282 108
189 109
268 109
339 109
176 110
219 110
326 110
176 111
177 111
219 111
220 111
268 111
281 111
177 112
220 112
233 112
268 112
281 112
325 112
177 113
190 113
220 113
267 113
281 113
324 113
325 113
338 113
177 114
191 114
220 114
233 114
267 114
280 114
281 114
338 114
178 115
220 115
233 115
267 115
280 115
178 116
191 116
220 116
280 116
233 117
267 117
324 117
233 118
234 118
266 118
280 118
324 118
336 118
179 119
192 119
220 119
279 119
336 119
179 120
192 120
220 120
221 120
234 120
266 120
279 120
336 120
193 121
221 121
234 121
235 121
279 121
335 121
193 122
221 122
235 122
266 122
279 122
320 122
321 122
335 122
193 123
222 123
235 123
266 123
319 123
320 123
335 123
180 124
222 124
279 124
334 124
335 124
181 125
222 125
235 125
278 125
334 125
194 126
222 126
236 126
278 126
334 126
181 127
194 127
195 127
236 127
265 127
278 127
318 127
333 127
181 128
223 128
236 128
265 128
236 129
237 129
265 129
316 129
330 129
264 130
316 130
182 131
183 131
196 131
237 131
314 131
316 131
184 132
198 132
224 132
237 132
264 132
313 132
184 133
237 133
264 133
328 133
184 134
224 134
237 134
264 134
277 134
312 134
327 134
328 134
185 135
199 135
224 135
238 135
263 135
264 135
277 135
311 135
312 135
327 135
185 136
186 136
238 136
277 136
311 136
327 136
200 137
224 137
276 137
310 137
325 137
326 137
186 138
187 138
200 138
225 138
238 138
276 138
308 138
324 138
325 138
188 139
202 139
238 139
263 139
308 139
188 140
203 140
225 140
262 140
263 140
276 140
323 140
188 141
189 141
204 141
205 141
225 141
239 141
275 141
306 141
307 141
322 141
189 142
239 142
275 142
305 142
321 142
205 143
206 143
226 143
262 143
305 143
191 144
206 144
261 144
275 144
305 144
319 144
191 145
193 145
207 145
208 145
226 145
240 145
261 145
275 145
302 145
303 145
193 146
208 146
226 146
240 146
275 146
301 146
317 146
318 146
193 147
194 147
209 147
210 147
226 147
261 147
274 147
275 147
300 147
301 147
210 148
240 148
260 148
274 148
299 148
300 148
317 148
195 149
210 149
211 149
227 149
241 149
260 149
274 149
299 149
195 150
211 150
314 150
197 151
213 151
228 151
273 151
297 151
312 151
313 151
214 152
273 152
312 152
214 153
215 153
242 153
258 153
259 153
273 153
295 153
296 153
199 154
228 154
258 154
293 154
294 154
295 154
310 154
200 155
216 155
228 155
292 155
310 155
201 156
217 156
229 156
243 156
257 156
272 156
291 156
309 156
201 157
202 157
229 157
243 157
244 157
256 157
308 157
309 157
220 158
221 158
230 158
244 158
270 158
290 158
308 158
203 159
222 159
230 159
254 159
288 159
289 159
290 159
306 159
222 160
231 160
252 160
269 160
288 160
305 160
223 161
232 161
246 161
248 161
269 161
285 161
304 161
225 162
232 162
268 162
269 162
284 162
303 162
304 162
207 163
226 163
268 163
284 163
302 163
303 163
207 164
208 164
209 164
227 164
233 164
300 164
209 165
229 165
231 165
233 165
267 165
280 165
281 165
299 165
210 166
211 166
212 166
265 166
275 166
277 166
278 166
280 166
297 166
299 166
212 167
213 167
270 167
272 167
273 167
275 167
213 168
214 168
267 168
268 168
270 168
296 168
215 169
294 170
295 170
294 171
217 172
218 172
290 172
292 172
220 173
220 174
221 174
222 174
223 175
224 175
224 176
226 176
287 176
288 176
227 177
229 178
230 178
231 178
232 178
283 178
284 178
279 179
281 179
282 179
234 180
235 180
236 180
237 180
238 180
239 180
240 180
241 180
243 180
244 180
274 180
275 180
259 181
260 181
263 181
266 181
268 181
270 181
271 181
272 181
245 182
245 183
259 184
245 185
246 185
259 185
259 187
246 189
259 189
259 191
246 192
259 192
246 193
259 193
259 194
246 195
246 196
259 196
246 197
259 197
246 198
246 199
259 199
246 200
246 201
259 201
246 202
259 202
259 203
246 204
259 204
246 205
259 205
259 206
246 207
259 207
259 208
246 209
259 209
259 210
246 211
259 212
246 213
259 213
259 214
246 215
246 216
259 216
245 217
259 218
245 219
245 220
258 220
258 221
258 222
245 223
258 223
245 224
244 225
258 225
257 226
258 226
244 227
244 228
257 228
244 229
257 229
244 231
243 232
244 232
256 233
257 233
256 234
243 235
243 238
243 239
243 241
243 242
256 243
256 245
243 246
256 246
242 247
256 247
255 248
256 248
242 250
255 250
242 251
242 252
242 254
255 254
242 255
241 257
242 257
241 259
254 259
241 260
254 260
254 261
241 262
254 263
240 265
253 265
240 266
253 267
240 268
253 268
239 270
239 271
252 272
238 275
251 275
251 278
238 279
251 279
238 280
238 282
249 284
237 285
236 286
249 286
236 287
236 288
248 290
235 291
235 292
247 292
248 292
234 293
235 293
234 294
234 295
234 296
247 296
247 297
234 298
247 298
234 299
234 300
247 300
234 301
247 301
233 302
233 303
246 303
246 304
246 305
233 306
233 307
245 309
244 310
245 310
231 311
232 311
244 311
231 313
231 314
244 314
244 315
231 316
244 317
243 319
244 319
243 320
230 321
243 321
230 322
230 323
230 324
243 324
229 325
242 325
243 325
229 326
242 326
229 327
242 328
229 329
242 330
242 331
229 332
242 332
229 333
242 333
229 335
242 335
229 336
229 337
242 337
229 339
242 339
229 340
229 341
229 342
242 342
229 344
242 344
229 345
242 345
229 348
242 348
242 350
242 351
229 352
242 352
229 353
229 354
229 355
229 356
229 358
242 358
229 359
230 359
242 359
230 360
242 360
230 361
231 361
243 361
243 362
231 363
244 364
231 366
244 366
245 367
232 368
232 370
245 370
232 371
232 372
245 372
233 374
246 375
233 376
246 376
233 378
246 378
233 379
246 379
233 380
246 380
247 381
234 382
247 382
234 384
234 385
247 385
234 386
247 387
247 388
234 390
247 390
234 392
247 393
232 394
234 394
231 395
232 395
247 397
228 398
247 398
227 399
247 399
227 400
246 400
228 402
245 402
246 402
244 403
228 404
229 404
244 404
230 405
231 406
232 406
238 406
233 407
234 407
235 407
237 407
