185 45
182 46
183 46
184 46
191 46
327 46
328 46
181 47
182 47
323 47
324 47
329 47
332 47
335 47
180 48
280 48
281 48
282 48
285 48
322 48
330 48
177 49
193 49
288 49
321 49
322 49
338 49
193 50
194 50
279 50
289 50
340 50
176 51
194 51
320 51
175 52
176 52
278 52
289 52
290 52
320 52
340 52
341 52
175 53
194 53
290 53
320 53
226 54
227 54
229 54
277 54
320 54
341 54
175 55
194 55
222 55
223 55
224 55
229 55
231 55
292 55
341 55
175 56
222 56
231 56
232 56
292 56
293 56
320 56
175 57
195 57
220 57
221 57
232 57
233 57
276 57
320 57
341 57
174 58
175 58
219 58
233 58
276 58
294 58
320 58
341 58
174 59
219 59
235 59
274 59
294 59
320 59
174 60
195 60
235 60
294 60
341 60
174 61
195 61
217 61
236 61
294 61
320 61
341 61
273 62
320 62
321 62
341 62
174 63
196 63
237 63
273 63
294 63
295 63
321 63
217 64
295 64
196 65
237 65
238 65
296 65
321 65
341 65
197 66
273 66
321 66
341 66
173 67
197 67
217 67
273 67
296 67
322 67
173 68
197 68
238 68
273 68
296 68
323 68
197 69
217 69
273 69
197 70
273 70
323 70
324 70
341 70
197 71
273 71
173 72
239 72
273 72
341 72
173 73
198 73
217 73
239 73
240 73
273 73
324 73
325 73
341 73
240 74
273 74
325 74
341 74
240 75
296 75
325 75
341 75
272 76
296 76
325 76
173 77
198 77
199 77
272 77
325 77
326 77
341 77
199 78
217 78
240 78
271 78
296 78
326 78
341 78
199 79
217 79
240 79
271 79
342 79
173 80
199 80
217 80
241 80
296 80
326 80
342 80
241 81
270 81
296 81
326 81
342 81
217 82
241 82
342 82
173 83
269 83
270 83
296 83
173 84
217 84
241 84
296 84
326 84
173 85
217 85
241 85
296 85
326 85
200 86
268 86
269 86
173 87
200 87
296 87
326 87
342 87
200 88
201 88
217 88
242 88
268 88
296 88
342 88
296 89
326 89
217 90
268 90
296 90
342 90
217 91
242 91
268 91
201 92
217 92
242 92
268 92
242 93
342 93
202 94
203 94
217 94
296 94
217 95
243 95
203 96
217 96
218 96
243 96
267 96
325 96
341 96
204 97
243 97
174 98
204 98
218 98
243 98
267 98
341 98
174 99
243 99
267 99
174 100
205 100
218 100
325 100
341 100
174 101
175 101
205 101
296 101
325 101
341 101
205 102
218 102
267 102
205 103
244 103
267 103
340 103
218 104
244 104
324 104
176 105
207 105
244 105
267 105
324 105
207 106
219 106
244 106
296 106
324 106
219 107
267 107
324 107
340 107
207 108
219 108
244 108
296 108
324 108
339 108
207 109
208 109
219 109
296 109
176 110
219 110
244 110
267 110
295 110
324 110
209 111
219 111
244 111
323 111
177 112
220 112
244 112
323 112
339 112
177 113
220 113
244 113
267 113
323 113
177 114
178 114
220 114
244 114
295 114
338 114
220 115
294 115
323 115
210 116
245 116
267 116
322 116
220 117
245 117
294 117
322 117
338 117
178 118
179 118
210 118
211 118
220 118
266 118
294 118
322 118
337 118
179 119
211 119
246 119
266 119
293 119
294 119
322 119
211 120
220 120
246 120
293 120
337 120
212 121
266 121
292 121
321 121
180 122
246 122
337 122
180 123
212 123
213 123
221 123
246 123
292 123
320 123
337 123
180 124
213 124
222 124
246 124
265 124
266 124
291 124
319 124
336 124
180 125
181 125
222 125
246 125
247 125
265 125
291 125
319 125
336 125
213 126
214 126
247 126
265 126
335 126
336 126
214 127
223 127
247 127
248 127
265 127
291 127
335 127
181 128
223 128
248 128
265 128
335 128
182 129
214 129
223 129
248 129
249 129
265 129
289 129
316 129
317 129
334 129
223 130
249 130
289 130
316 130
334 130
216 131
289 131
315 131
316 131
334 131
183 132
249 132
288 132
289 132
313 132
314 132
334 132
184 133
216 133
217 133
250 133
264 133
288 133
312 133
224 134
287 134
288 134
312 134
185 135
217 135
218 135
224 135
251 135
287 135
311 135
312 135
333 135
185 136
186 136
218 136
224 136
251 136
263 136
332 136
218 137
262 137
286 137
186 138
218 138
224 138
252 138
262 138
309 138
187 139
219 139
225 139
252 139
261 139
262 139
285 139
331 139
332 139
188 140
220 140
261 140
285 140
307 140
331 140
188 141
189 141
253 141
261 141
307 141
189 142
225 142
260 142
285 142
305 142
330 142
189 143
190 143
221 143
253 143
305 143
330 143
191 144
226 144
254 144
260 144
305 144
222 145
254 145
260 145
283 145
302 145
303 145
223 146
301 146
302 146
328 146
193 147
223 147
224 147
254 147
259 147
301 147
327 147
328 147
194 148
195 148
226 148
227 148
254 148
257 148
282 148
299 148
300 148
327 148
195 149
225 149
254 149
257 149
282 149
326 149
327 149
195 150
196 150
225 150
226 150
254 150
256 150
299 150
196 151
197 151
255 151
256 151
281 151
297 151
197 152
198 152
280 152
281 152
295 152
297 152
325 152
293 153
199 154
291 154
292 154
293 154
323 154
200 155
279 155
289 155
290 155
291 155
200 156
278 156
289 156
323 156
201 157
202 157
285 157
202 158
276 158
284 158
285 158
276 159
280 159
281 159
282 159
283 159
320 159
276 160
277 160
280 160
319 160
204 161
319 161
205 162
317 162
318 162
206 163
316 163
317 163
209 164
315 164
316 164
209 165
210 166
314 166
315 166
213 168
215 168
311 168
309 169
215 170
308 170
309 170
216 171
217 171
217 172
218 172
307 172
220 173
306 173
220 174
221 174
302 174
304 174
222 175
224 175
300 175
225 176
226 176
298 176
226 177
228 177
296 177
230 178
231 178
291 178
294 178
295 178
296 178
232 179
233 179
234 179
277 179
278 179
279 179
281 179
284 179
285 179
286 179
289 179
290 179
291 179
234 180
272 180
273 180
274 180
276 180
277 180
234 181
271 181
235 182
235 183
236 183
236 184
271 184
236 185
270 185
270 187
237 189
271 189
237 190
237 191
237 192
271 192
271 193
238 195
271 195
238 196
271 197
272 200
272 203
238 204
238 205
238 206
272 206
272 207
272 209
237 210
237 211
272 211
236 212
272 213
235 214
236 214
235 215
272 215
235 216
272 217
272 218
235 219
272 220
234 222
272 223
233 224
272 224
233 225
233 226
232 227
233 227
232 228
272 228
272 229
232 231
231 232
272 232
231 233
272 233
231 234
272 234
231 235
272 235
231 237
272 237
231 238
230 239
231 239
272 239
272 241
230 242
272 242
230 243
230 244
230 245
272 245
272 246
230 247
272 247
230 248
229 250
230 250
272 250
272 251
229 252
272 252
272 253
228 254
229 254
272 254
272 255
272 256
228 257
272 258
228 259
272 259
272 260
228 261
272 261
228 262
271 262
228 263
271 263
228 265
271 265
228 266
271 267
272 267
228 268
272 268
227 269
272 269
272 270
272 271
227 273
271 273
227 275
271 276
226 277
227 277
226 279
272 279
272 281
226 282
226 283
272 283
226 284
272 284
272 285
272 286
226 287
226 288
272 288
226 289
272 289
226 291
272 291
272 292
224 293
225 293
224 294
224 295
272 295
224 296
224 298
273 298
274 299
224 300
274 300
274 301
223 302
274 302
274 303
222 304
222 305
274 305
222 306
222 309
222 310
222 311
274 311
222 312
274 312
222 313
274 313
222 314
274 317
222 318
274 319
222 320
222 322
223 322
223 324
274 324
274 325
274 326
223 327
274 327
274 328
223 329
274 329
223 330
274 332
223 333
274 333
223 335
223 336
273 336
222 337
223 337
273 337
222 338
273 338
273 339
273 340
222 341
222 344
222 345
274 348
274 349
274 350
222 352
222 353
274 353
274 354
222 355
274 355
274 356
274 357
274 358
274 359
274 360
274 361
222 363
222 364
273 364
273 365
273 366
222 367
273 367
272 373
273 373
222 374
272 374
222 375
272 375
222 376
272 376
272 377
222 378
272 378
222 379
271 379
272 379
222 380
222 381
271 381
271 383
271 385
271 386
271 387
222 388
222 389
271 389
222 390
270 392
222 393
270 394
222 395
222 396
270 396
222 397
270 397
222 398
270 399
222 402
269 402
270 402
222 403
223 403
268 404
268 405
223 407
268 407
267 408
224 409
225 409
266 409
267 409
226 410
266 410
226 411
265 411
266 411
226 412
223 414
264 414
223 415
263 415
223 416
261 416
262 416
222 417
260 417
261 417
260 418
259 419
256 420
257 420
258 420
223 421
254 421
256 421
224 422
251 422
254 422
224 423
225 423
249 423
250 423
238 424
240 424
241 424
242 424
243 424
244 424
245 424
227 425
228 425
229 425
230 425
231 425
232 425
234 425
235 425
237 425
