224 72
226 72
227 72
221 73
222 73
223 73
220 74
221 74
229 74
230 74
230 75
231 75
261 75
262 75
295 75
297 75
298 75
333 75
334 75
219 76
257 76
262 76
263 76
294 76
295 76
299 76
330 76
331 76
334 76
335 76
218 77
219 77
231 77
232 77
256 77
257 77
264 77
265 77
292 77
293 77
300 77
301 77
328 77
329 77
336 77
337 77
218 78
255 78
256 78
266 78
291 78
292 78
301 78
302 78
337 78
338 78
338 79
218 80
219 80
232 80
291 80
302 80
303 80
326 80
327 80
338 80
339 80
219 81
232 81
254 81
267 81
326 81
339 81
219 82
232 82
233 82
267 82
303 82
326 82
219 83
233 83
254 83
267 83
290 83
326 83
219 84
220 84
233 84
267 84
290 84
326 84
339 84
220 85
233 85
303 85
339 85
220 86
233 86
254 86
326 86
339 86
233 87
267 87
290 87
326 87
233 88
303 88
326 88
339 88
220 89
303 89
326 89
339 89
220 90
233 90
267 90
326 90
233 91
267 91
289 91
290 91
303 91
326 91
220 92
254 92
326 92
339 92
220 93
233 93
254 93
267 93
289 93
303 93
326 93
220 94
233 94
289 94
302 94
326 94
220 95
233 95
254 95
267 95
289 95
302 95
220 96
233 96
254 96
267 96
289 96
326 96
220 97
233 97
254 97
267 97
302 97
326 97
220 98
254 98
267 98
302 98
326 98
339 98
220 99
233 99
254 99
267 99
339 99
220 100
254 100
267 100
326 100
339 100
220 101
233 101
267 101
289 101
302 101
339 101
220 102
233 102
254 102
289 102
302 102
339 102
220 103
221 103
233 103
267 103
289 103
302 103
326 103
339 103
221 104
254 104
267 104
302 104
326 104
339 104
220 105
232 105
233 105
254 105
267 105
289 105
339 105
289 106
303 106
339 106
220 107
233 107
254 107
267 107
289 107
290 107
303 107
326 107
339 107
220 108
233 108
267 108
290 108
303 108
339 108
220 109
233 109
267 109
303 109
326 109
254 110
267 110
289 110
303 110
326 110
254 111
267 111
302 111
303 111
339 111
220 112
254 112
326 112
339 112
267 113
289 113
302 113
339 113
254 114
339 114
220 115
233 115
253 115
254 115
267 115
289 115
302 115
253 116
289 116
302 116
338 116
220 117
253 117
266 117
302 117
325 117
338 117
253 118
289 118
325 118
338 118
220 119
253 119
266 119
289 119
325 119
338 119
220 120
266 120
288 120
338 120
220 121
233 121
253 121
324 121
338 121
220 122
233 122
266 122
288 122
301 122
220 123
233 123
252 123
253 123
266 123
301 123
324 123
337 123
220 124
233 124
266 124
288 124
324 124
337 124
220 125
233 125
266 125
288 125
301 125
323 125
220 126
233 126
252 126
265 126
288 126
323 126
265 127
323 127
336 127
220 128
252 128
265 128
287 128
301 128
336 128
219 129
220 129
233 129
252 129
265 129
301 129
323 129
336 129
219 130
232 130
233 130
301 130
322 130
323 130
252 131
265 131
335 131
336 131
219 132
252 132
265 132
287 132
322 132
335 132
219 133
252 133
265 133
287 133
335 133
252 134
286 134
300 134
322 134
335 134
219 135
232 135
252 135
265 135
286 135
322 135
335 135
219 136
252 136
265 136
286 136
299 136
300 136
322 136
335 136
232 137
286 137
322 137
219 138
232 138
252 138
265 138
286 138
299 138
232 139
219 140
232 140
334 140
219 141
232 141
285 141
299 141
321 141
334 141
219 142
265 142
284 142
285 142
298 142
299 142
232 143
284 143
334 143
219 144
232 144
252 144
265 144
284 144
298 144
321 144
334 144
218 145
232 145
252 145
265 145
284 145
297 145
298 145
334 145
218 146
231 146
232 146
252 146
284 146
297 146
321 146
334 146
218 147
231 147
284 147
297 147
231 148
251 148
252 148
265 148
284 148
297 148
321 148
334 148
218 149
231 149
265 149
284 149
297 149
321 149
334 149
218 150
231 150
264 150
265 150
284 150
297 150
321 150
334 150
231 151
251 151
264 151
284 151
297 151
334 151
218 152
231 152
251 152
264 152
284 152
297 152
321 152
218 153
231 153
251 153
264 153
284 153
297 153
320 153
334 153
218 154
231 154
251 154
297 154
333 154
334 154
231 155
251 155
264 155
284 155
297 155
320 155
333 155
218 156
264 156
320 156
333 156
231 157
264 157
284 157
297 157
320 157
218 158
232 158
234 158
236 158
237 158
238 158
251 158
264 158
284 158
320 158
218 159
238 159
240 159
241 159
242 159
243 159
251 159
264 159
297 159
320 159
219 160
243 160
244 160
246 160
247 160
248 160
251 160
263 160
264 160
297 160
219 161
249 161
263 161
297 161
320 161
220 162
263 162
284 162
297 162
320 162
333 162
219 163
220 163
263 163
265 163
266 163
267 163
285 163
320 163
219 164
267 164
268 164
269 164
270 164
272 164
273 164
274 164
275 164
280 164
282 164
283 164
285 164
320 164
321 164
332 164
219 165
296 165
297 165
298 165
299 165
301 165
302 165
219 166
302 166
303 166
304 166
321 166
332 166
220 167
306 167
307 167
308 167
309 167
220 168
309 168
310 168
311 168
312 168
313 168
321 168
332 168
221 169
222 169
314 169
315 169
317 169
318 169
320 169
321 169
332 169
333 169
222 170
333 170
225 171
226 171
227 171
231 171
233 171
234 171
236 171
333 171
236 172
239 172
240 172
241 172
242 173
243 173
244 173
245 173
333 173
248 174
249 174
250 174
251 174
333 174
251 175
252 175
333 176
252 177
333 177
332 178
252 179
332 179
252 180
305 180
331 180
332 180
305 181
308 181
330 181
331 181
252 182
312 182
314 182
315 182
316 182
317 182
318 182
328 182
329 182
330 182
252 183
319 183
321 183
324 183
327 183
252 184
305 184
252 186
305 187
252 188
305 188
304 189
305 189
251 190
252 190
251 191
304 191
251 192
251 193
304 193
251 195
304 195
251 196
304 197
251 198
304 198
250 199
304 199
250 200
304 200
250 201
304 201
250 202
304 203
250 204
250 205
304 205
250 206
249 207
250 207
304 207
304 208
304 209
248 210
304 210
248 212
248 215
304 215
248 216
304 216
248 217
304 217
247 218
304 218
246 220
247 220
246 223
305 224
246 225
305 225
246 226
305 226
246 227
305 227
246 228
246 229
306 229
246 230
306 230
246 231
306 231
246 232
306 232
245 233
246 233
306 233
245 234
245 235
245 236
306 236
245 237
306 237
306 238
306 239
307 239
245 240
245 241
307 241
245 242
307 242
307 243
245 244
307 244
245 245
245 246
245 247
245 248
245 249
308 249
245 250
308 250
308 251
244 252
244 253
308 253
244 254
308 254
308 255
243 256
308 256
243 257
308 257
308 258
243 259
308 260
243 261
309 261
242 262
243 262
309 262
242 263
309 264
242 265
309 265
242 266
242 267
309 267
241 268
241 269
241 270
309 270
240 271
241 271
309 271
240 273
309 273
240 274
309 274
240 276
309 276
309 277
309 278
239 279
240 279
309 279
239 280
239 281
309 281
239 282
309 282
239 283
239 284
309 284
239 285
309 285
238 286
239 286
309 286
238 287
309 287
309 288
309 289
237 290
238 290
309 290
237 291
237 293
308 294
236 295
307 295
308 295
236 296
235 298
235 299
307 299
235 300
307 300
307 301
235 302
307 302
235 303
307 303
235 304
307 304
307 305
234 306
235 306
307 307
234 308
306 308
307 308
234 309
306 309
234 310
306 310
234 311
306 311
305 312
306 312
233 313
305 313
233 314
305 314
304 315
233 316
304 317
232 318
233 318
303 318
232 319
303 319
303 320
303 322
232 323
302 323
303 323
232 324
302 324
232 325
302 326
232 328
302 328
232 329
302 329
231 330
232 330
301 330
231 331
301 331
231 332
301 332
231 333
300 334
231 335
300 335
231 336
299 336
231 337
299 337
231 338
298 338
231 339
298 339
231 341
298 341
231 342
231 343
297 343
298 343
231 344
297 344
231 345
296 345
231 346
232 346
296 346
232 347
295 347
296 347
232 348
295 348
232 349
294 349
232 350
294 350
232 352
232 353
292 353
232 354
292 354
232 355
232 356
292 356
233 357
291 357
292 357
233 358
233 359
291 359
233 360
290 360
290 361
290 362
233 363
289 363
234 364
288 364
289 364
234 365
234 366
234 367
235 368
235 369
286 369
235 370
235 372
236 372
285 372
285 373
236 374
237 374
284 374
237 375
284 375
238 376
283 376
238 377
283 377
239 378
282 378
283 378
240 379
240 380
241 380
281 380
282 380
242 382
280 382
281 382
243 383
245 384
247 385
248 385
249 385
278 385
279 385
249 386
251 386
277 386
252 387
253 387
276 387
277 387
255 388
275 388
256 389
258 389
274 389
275 389
259 390
260 390
261 390
273 390
274 390
262 391
263 391
271 391
272 391
273 391
264 392
265 392
269 392
270 392
