102 7
103 7
104 7
105 7
64 8
65 8
66 8
67 8
68 8
69 8
70 8
71 8
72 8
97 8
98 8
99 8
100 8
101 8
102 8
105 8
106 8
107 8
108 8
109 8
61 9
62 9
63 9
64 9
72 9
73 9
74 9
75 9
76 9
77 9
78 9
79 9
80 9
87 9
88 9
89 9
90 9
93 9
94 9
95 9
96 9
97 9
109 9
110 9
111 9
56 10
57 10
58 10
59 10
60 10
61 10
80 10
81 10
82 10
83 10
84 10
85 10
86 10
87 10
90 10
91 10
92 10
93 10
111 10
112 10
113 10
114 10
54 11
55 11
56 11
114 11
115 11
116 11
53 12
54 12
116 12
117 12
118 12
51 13
52 13
53 13
118 13
119 13
120 13
49 14
50 14
51 14
120 14
121 14
122 14
48 15
49 15
122 15
123 15
46 16
47 16
48 16
123 16
124 16
125 16
126 16
44 17
45 17
46 17
126 17
127 17
44 18
127 18
128 18
129 18
42 19
43 19
44 19
129 19
130 19
41 20
42 20
130 20
131 20
40 21
41 21
131 21
132 21
39 22
40 22
132 22
133 22
37 23
38 23
39 23
133 23
134 23
37 24
134 24
135 24
136 24
36 25
37 25
136 25
137 25
34 26
35 26
36 26
137 26
138 26
34 27
138 27
33 28
34 28
138 28
139 28
140 28
32 29
33 29
140 29
32 30
140 30
141 30
31 31
32 31
141 31
142 31
30 32
31 32
80 32
81 32
82 32
83 32
84 32
85 32
86 32
87 32
88 32
142 32
143 32
29 33
30 33
76 33
77 33
78 33
79 33
80 33
88 33
89 33
90 33
91 33
92 33
93 33
94 33
143 33
29 34
73 34
74 34
75 34
76 34
94 34
95 34
96 34
97 34
98 34
99 34
143 34
144 34
28 35
29 35
71 35
72 35
73 35
99 35
100 35
101 35
144 35
145 35
27 36
28 36
69 36
70 36
71 36
101 36
102 36
103 36
104 36
145 36
146 36
27 37
66 37
67 37
68 37
69 37
104 37
105 37
106 37
146 37
27 38
65 38
66 38
106 38
107 38
108 38
146 38
147 38
26 39
27 39
64 39
65 39
108 39
109 39
110 39
147 39
148 39
25 40
26 40
62 40
63 40
64 40
110 40
111 40
148 40
25 41
61 41
62 41
111 41
112 41
148 41
149 41
24 42
25 42
60 42
61 42
112 42
113 42
114 42
149 42
150 42
24 43
59 43
60 43
114 43
115 43
150 43
24 44
58 44
59 44
115 44
116 44
150 44
151 44
23 45
24 45
57 45
58 45
116 45
117 45
151 45
152 45
22 46
23 46
56 46
57 46
117 46
118 46
152 46
22 47
55 47
56 47
118 47
119 47
152 47
153 47
21 48
22 48
55 48
119 48
120 48
153 48
21 49
54 49
55 49
120 49
121 49
122 49
153 49
154 49
21 50
53 50
54 50
122 50
154 50
20 51
21 51
52 51
53 51
122 51
123 51
154 51
20 52
52 52
123 52
154 52
155 52
19 53
20 53
51 53
52 53
123 53
124 53
155 53
156 53
19 54
51 54
124 54
125 54
156 54
18 55
19 55
50 55
51 55
125 55
156 55
18 56
49 56
50 56
125 56
126 56
156 56
18 57
49 57
126 57
156 57
18 58
48 58
49 58
126 58
127 58
156 58
157 58
17 59
18 59
47 59
48 59
127 59
157 59
158 59
17 60
47 60
127 60
128 60
158 60
17 61
47 61
128 61
158 61
17 62
46 62
47 62
128 62
129 62
158 62
16 63
17 63
46 63
129 63
158 63
16 64
45 64
46 64
129 64
130 64
158 64
159 64
16 65
45 65
130 65
159 65
16 66
44 66
45 66
130 66
159 66
16 67
44 67
130 67
131 67
159 67
15 68
16 68
44 68
131 68
159 68
15 69
44 69
131 69
159 69
160 69
15 70
43 70
44 70
131 70
160 70
15 71
43 71
131 71
132 71
160 71
14 72
15 72
42 72
43 72
132 72
160 72
14 73
42 73
132 73
160 73
14 74
42 74
132 74
160 74
161 74
14 75
42 75
132 75
133 75
161 75
14 76
41 76
42 76
133 76
161 76
14 77
41 77
133 77
161 77
13 78
14 78
41 78
133 78
161 78
13 79
41 79
133 79
161 79
13 80
40 80
41 80
133 80
134 80
161 80
13 81
40 81
134 81
161 81
13 82
40 82
134 82
161 82
13 83
40 83
134 83
161 83
13 84
40 84
134 84
161 84
13 85
40 85
134 85
161 85
162 85
13 86
40 86
134 86
162 86
13 87
39 87
40 87
134 87
162 87
13 88
39 88
134 88
162 88
13 89
39 89
134 89
162 89
13 90
39 90
134 90
162 90
13 91
39 91
134 91
162 91
13 92
39 92
134 92
162 92
13 93
39 93
134 93
162 93
13 94
39 94
134 94
162 94
13 95
39 95
134 95
162 95
13 96
39 96
134 96
162 96
13 97
39 97
133 97
134 97
162 97
13 98
39 98
133 98
161 98
162 98
13 99
39 99
133 99
161 99
13 100
39 100
133 100
161 100
13 101
39 101
133 101
161 101
13 102
39 102
133 102
161 102
13 103
39 103
133 103
161 103
13 104
39 104
133 104
161 104
13 105
39 105
133 105
161 105
13 106
39 106
133 106
160 106
161 106
13 107
14 107
39 107
132 107
133 107
160 107
14 108
39 108
132 108
160 108
14 109
39 109
132 109
160 109
14 110
39 110
132 110
159 110
160 110
14 111
39 111
132 111
159 111
14 112
39 112
40 112
132 112
158 112
159 112
14 113
40 113
131 113
132 113
158 113
14 114
15 114
40 114
131 114
158 114
15 115
40 115
131 115
158 115
15 116
40 116
131 116
158 116
15 117
16 117
40 117
131 117
158 117
16 118
40 118
131 118
157 118
158 118
16 119
40 119
131 119
157 119
16 120
40 120
41 120
131 120
157 120
16 121
41 121
131 121
156 121
157 121
16 122
17 122
41 122
130 122
131 122
156 122
17 123
41 123
130 123
155 123
156 123
17 124
41 124
42 124
130 124
155 124
17 125
18 125
42 125
130 125
155 125
18 126
42 126
130 126
154 126
155 126
18 127
42 127
43 127
129 127
130 127
154 127
18 128
19 128
43 128
129 128
153 128
154 128
19 129
43 129
129 129
153 129
19 130
20 130
43 130
44 130
129 130
152 130
153 130
20 131
44 131
128 131
129 131
152 131
20 132
44 132
128 132
151 132
152 132
20 133
21 133
44 133
45 133
128 133
151 133
21 134
45 134
127 134
128 134
150 134
151 134
21 135
22 135
45 135
127 135
150 135
22 136
45 136
46 136
127 136
149 136
150 136
22 137
46 137
127 137
149 137
22 138
23 138
46 138
47 138
126 138
127 138
149 138
23 139
47 139
126 139
148 139
149 139
23 140
24 140
47 140
48 140
126 140
147 140
148 140
24 141
48 141
126 141
147 141
24 142
25 142
48 142
125 142
126 142
146 142
147 142
25 143
48 143
49 143
125 143
146 143
25 144
26 144
49 144
125 144
145 144
146 144
26 145
49 145
50 145
125 145
145 145
26 146
27 146
50 146
125 146
144 146
145 146
27 147
50 147
124 147
125 147
144 147
27 148
50 148
51 148
124 148
143 148
144 148
27 149
28 149
51 149
123 149
124 149
143 149
28 150
29 150
51 150
123 150
142 150
143 150
29 151
51 151
52 151
123 151
142 151
29 152
30 152
52 152
123 152
141 152
142 152
30 153
52 153
53 153
122 153
123 153
140 153
141 153
30 154
31 154
53 154
122 154
140 154
31 155
53 155
122 155
139 155
140 155
31 156
32 156
53 156
54 156
122 156
139 156
32 157
33 157
54 157
122 157
138 157
139 157
33 158
54 158
121 158
122 158
138 158
33 159
34 159
54 159
121 159
137 159
138 159
34 160
54 160
121 160
136 160
137 160
34 161
35 161
54 161
121 161
136 161
35 162
36 162
54 162
121 162
136 162
36 163
53 163
54 163
121 163
122 163
135 163
136 163
36 164
37 164
53 164
122 164
123 164
124 164
127 164
128 164
129 164
130 164
131 164
132 164
133 164
134 164
135 164
