165 2
167 2
170 2
171 2
172 2
173 2
174 2
175 2
178 2
180 2
181 2
182 2
183 2
186 2
191 2
192 2
194 2
196 2
197 3
150 4
152 4
153 4
155 4
156 4
158 4
159 4
160 4
161 4
162 4
164 4
199 4
200 4
209 4
150 5
142 6
143 6
145 6
146 6
147 6
148 6
150 6
210 6
211 6
212 6
214 6
217 7
134 8
137 8
139 8
217 8
220 8
221 8
222 8
223 8
129 10
131 10
132 10
133 10
134 10
226 10
228 10
229 10
229 11
122 12
124 12
127 12
128 12
230 12
233 12
234 12
235 12
122 13
116 14
119 14
121 14
235 14
236 14
238 14
239 14
116 15
112 16
113 16
114 16
115 16
246 16
247 16
247 17
108 18
109 18
111 18
247 18
248 18
250 18
105 20
251 20
253 20
254 20
255 20
103 22
104 22
256 22
257 22
100 23
99 24
100 24
257 24
259 24
260 24
261 24
98 25
261 25
95 26
97 26
98 26
261 26
262 26
264 26
265 26
91 28
267 28
88 30
89 30
90 30
267 30
268 30
88 31
86 32
87 32
272 32
86 33
86 34
273 34
276 34
277 34
82 35
80 36
81 36
82 36
80 37
78 38
79 38
80 38
277 38
280 38
281 38
281 39
77 40
283 40
74 41
74 42
70 44
74 44
70 45
287 45
68 46
70 46
287 46
291 46
68 48
68 49
66 50
67 50
68 50
66 51
62 52
63 52
66 52
293 52
294 52
295 53
296 54
297 55
60 56
61 56
299 56
58 58
59 58
60 58
300 58
301 58
58 59
301 59
58 60
302 60
303 60
58 61
303 61
56 62
176 63
177 63
178 63
179 63
180 63
183 63
184 63
187 63
188 63
189 63
190 63
191 63
192 63
193 63
197 63
200 63
303 63
55 64
56 64
173 64
200 64
303 64
166 65
169 65
202 65
203 65
205 65
207 65
209 65
210 65
305 65
54 66
210 66
306 66
157 67
159 67
160 67
162 67
210 67
213 67
214 67
307 67
214 68
309 68
156 69
216 69
217 69
218 69
309 69
50 70
51 70
52 70
151 70
309 70
50 71
145 71
148 71
151 71
222 71
224 71
309 71
145 72
224 72
309 72
310 72
311 72
48 73
139 73
140 73
141 73
142 73
145 73
224 73
139 74
312 74
313 74
48 75
133 75
136 75
137 75
139 75
232 75
313 75
48 76
313 76
315 76
133 77
235 77
315 77
46 78
133 78
131 79
133 79
236 79
239 79
44 80
45 80
46 80
240 80
315 80
316 80
44 81
126 81
129 81
240 81
241 81
242 81
125 82
317 82
243 83
244 83
246 83
123 84
246 84
319 84
121 85
122 85
247 85
248 85
42 86
121 86
248 86
117 87
118 87
119 87
120 87
248 87
249 87
41 88
42 88
117 88
321 88
115 89
250 89
252 89
40 90
40 91
115 91
254 91
38 92
39 92
40 92
113 92
322 92
111 93
112 93
254 93
256 93
38 94
111 94
110 95
256 95
259 95
38 96
109 96
260 96
108 97
325 97
36 98
37 98
260 98
325 98
106 99
105 100
327 100
36 101
105 101
262 101
263 101
36 102
105 102
327 102
264 103
265 103
266 103
34 104
266 104
329 104
266 105
34 106
101 106
266 106
34 107
99 107
101 107
34 108
268 109
269 109
329 109
32 110
270 110
98 111
99 111
271 111
272 111
331 111
95 113
97 113
272 113
95 114
272 114
331 114
32 115
95 115
272 115
273 115
31 116
95 116
332 116
30 117
94 117
95 117
274 117
333 117
93 118
333 118
30 119
274 119
275 119
276 119
333 119
93 120
92 121
333 121
30 122
335 122
30 123
91 123
277 123
278 123
335 123
28 124
278 124
335 124
90 125
278 125
28 126
89 126
335 126
89 127
335 127
89 128
280 128
28 130
89 130
335 130
87 131
88 131
280 131
281 131
337 132
87 133
282 133
337 133
282 134
85 135
86 135
87 135
282 135
337 135
28 136
282 136
337 136
85 137
282 137
284 137
26 138
27 138
28 138
85 138
26 139
85 139
284 139
26 140
85 140
284 140
26 141
84 141
85 141
83 142
337 142
284 143
26 144
83 144
286 144
337 144
26 145
83 145
286 146
339 146
26 147
83 147
286 147
339 147
26 149
81 149
82 149
286 149
339 149
81 150
339 150
26 151
81 152
339 152
81 153
286 153
339 153
286 154
339 154
286 155
287 155
339 155
339 156
26 157
26 158
339 158
340 158
26 159
81 159
81 160
288 160
81 161
288 161
26 162
341 162
341 163
26 164
79 164
79 165
288 165
341 165
26 166
79 166
26 167
341 167
79 168
79 169
288 170
26 171
79 171
288 171
289 171
290 171
79 172
341 172
26 173
79 173
341 173
79 174
290 174
341 174
26 175
290 175
341 175
79 176
290 176
341 176
79 177
290 177
341 177
79 178
290 178
341 178
26 179
79 179
290 179
341 179
28 180
290 180
341 180
28 181
341 181
290 182
341 182
79 183
290 183
341 183
79 184
341 184
290 185
28 186
79 186
288 186
290 186
29 187
30 187
341 187
79 188
288 188
30 189
79 189
288 190
341 190
288 191
30 192
288 192
341 192
341 193
288 194
30 195
79 195
288 195
341 195
79 196
30 197
288 197
79 198
341 198
30 199
288 199
341 199
339 200
81 201
30 202
81 202
288 202
30 203
31 203
81 204
339 204
339 205
81 207
82 208
83 208
288 209
339 209
32 210
83 210
288 210
339 210
32 211
33 211
34 211
286 211
339 211
339 212
34 213
286 213
339 213
83 214
339 214
34 215
83 215
34 216
83 216
286 217
337 218
337 219
83 220
337 220
34 221
83 221
85 222
284 222
285 222
286 222
36 223
85 223
85 224
284 224
337 224
284 225
36 226
37 227
284 227
38 228
284 228
38 229
85 229
337 229
85 230
87 230
284 230
337 230
38 231
335 231
336 231
337 231
38 232
284 232
335 232
40 233
87 233
284 233
87 234
282 234
40 235
40 237
87 237
282 237
333 237
40 238
88 238
89 238
282 238
333 238
282 239
333 239
40 241
41 241
282 241
332 241
42 242
89 242
280 242
282 242
331 242
42 243
331 243
280 244
331 244
89 245
280 245
331 245
42 246
89 246
90 246
280 246
331 246
42 247
43 247
44 247
331 247
91 248
280 248
331 248
44 249
280 249
330 249
91 250
280 250
44 251
44 252
278 252
279 252
280 252
93 253
329 253
93 254
278 254
329 254
93 255
278 255
329 255
44 256
93 256
94 256
95 256
278 256
327 256
46 257
95 258
277 258
48 259
95 259
276 259
327 259
48 260
276 260
327 260
95 261
276 261
327 261
48 262
95 262
276 262
327 262
48 263
49 263
95 263
325 263
326 263
50 264
95 264
325 264
50 266
275 266
276 266
325 266
50 267
97 267
324 267
325 267
50 268
274 268
50 269
97 269
274 269
97 270
274 270
323 270
97 271
323 271
97 272
98 272
52 273
274 273
300 273
301 273
302 273
321 273
322 273
323 273
99 274
273 274
274 274
299 274
302 274
321 274
52 275
54 275
54 276
100 276
101 276
272 276
300 276
301 276
302 276
54 277
101 277
319 277
321 277
54 278
101 278
272 278
55 279
56 279
272 279
56 280
103 280
272 280
319 280
56 281
103 281
272 281
317 281
318 281
319 281
103 282
272 283
317 283
56 284
270 284
272 284
317 284
56 285
58 285
103 285
270 285
58 286
103 286
104 286
105 286
317 286
58 287
59 287
317 287
60 288
105 288
270 288
315 288
60 289
105 289
315 289
60 290
315 290
60 291
105 291
270 291
314 291
315 291
60 292
105 292
269 292
313 292
61 293
62 293
106 294
107 294
62 295
63 295
268 295
313 295
107 296
64 297
268 297
311 297
64 298
107 298
268 298
311 298
64 299
107 299
268 299
311 299
268 300
311 300
65 301
66 301
107 301
311 301
66 302
107 302
108 302
109 302
268 302
309 302
66 303
67 303
266 303
68 304
109 304
266 304
68 305
109 305
266 305
307 306
69 307
109 307
109 308
307 308
70 309
267 309
307 309
70 310
109 310
70 311
72 311
109 311
268 311
303 311
304 311
305 311
109 312
303 312
74 313
109 313
74 314
109 314
303 314
74 315
268 315
301 315
303 315
268 316
74 317
109 317
301 317
268 318
299 318
77 319
78 319
109 319
109 320
268 320
299 320
78 321
109 321
268 321
297 321
298 321
78 322
109 322
297 322
78 323
79 323
109 323
268 323
295 323
296 323
297 323
80 324
268 324
295 324
80 325
81 325
269 325
270 325
293 325
294 325
82 326
109 326
272 326
293 326
109 327
272 327
291 327
292 327
82 328
107 328
274 328
291 328
82 329
83 329
85 329
86 329
107 329
275 329
289 329
276 330
289 330
86 331
91 331
92 331
94 331
98 331
101 331
278 331
280 331
281 331
282 331
283 331
