48 1
49 1
50 1
51 1
52 1
53 1
54 1
55 1
56 1
57 1
58 1
59 1
60 1
61 1
62 1
63 1
64 1
42 2
43 2
44 2
45 2
46 2
47 2
48 2
64 2
65 2
66 2
67 2
68 2
69 2
70 2
37 3
38 3
39 3
40 3
41 3
42 3
70 3
71 3
72 3
73 3
35 4
36 4
37 4
73 4
74 4
75 4
76 4
32 5
33 5
34 5
35 5
76 5
77 5
78 5
79 5
30 6
31 6
32 6
40 6
41 6
42 6
43 6
44 6
45 6
79 6
80 6
81 6
29 7
30 7
40 7
45 7
81 7
82 7
83 7
27 8
28 8
29 8
40 8
41 8
42 8
43 8
44 8
45 8
83 8
84 8
85 8
25 9
26 9
27 9
85 9
86 9
87 9
24 10
25 10
62 10
63 10
64 10
87 10
88 10
22 11
23 11
24 11
62 11
64 11
88 11
89 11
22 12
62 12
63 12
64 12
89 12
90 12
91 12
20 13
21 13
22 13
50 13
51 13
52 13
53 13
54 13
91 13
92 13
18 14
19 14
20 14
50 14
54 14
76 14
77 14
78 14
79 14
80 14
81 14
82 14
83 14
84 14
92 14
93 14
94 14
18 15
50 15
51 15
52 15
53 15
54 15
74 15
75 15
76 15
84 15
94 15
16 16
17 16
18 16
33 16
34 16
35 16
36 16
74 16
76 16
77 16
78 16
79 16
80 16
81 16
82 16
83 16
84 16
94 16
95 16
96 16
16 17
33 17
36 17
67 17
68 17
69 17
70 17
71 17
74 17
75 17
76 17
96 17
15 18
16 18
33 18
34 18
35 18
36 18
38 18
39 18
40 18
41 18
42 18
43 18
44 18
45 18
46 18
67 18
71 18
96 18
97 18
14 19
15 19
38 19
46 19
67 19
68 19
69 19
70 19
71 19
97 19
98 19
13 20
14 20
38 20
39 20
40 20
41 20
42 20
43 20
44 20
45 20
46 20
98 20
99 20
12 21
13 21
99 21
100 21
12 22
100 22
101 22
11 23
12 23
46 23
47 23
48 23
49 23
50 23
51 23
54 23
55 23
56 23
57 23
101 23
10 24
11 24
46 24
51 24
54 24
57 24
93 24
94 24
95 24
101 24
102 24
9 25
10 25
46 25
47 25
48 25
49 25
50 25
51 25
54 25
55 25
56 25
57 25
60 25
61 25
62 25
75 25
76 25
77 25
78 25
79 25
80 25
93 25
95 25
102 25
103 25
9 26
60 26
62 26
75 26
80 26
93 26
94 26
95 26
103 26
104 26
8 27
9 27
60 27
61 27
62 27
75 27
76 27
77 27
78 27
79 27
80 27
104 27
8 28
104 28
7 29
8 29
104 29
105 29
7 30
105 30
106 30
6 31
7 31
106 31
6 32
86 32
87 32
88 32
89 32
106 32
107 32
5 33
6 33
52 33
53 33
54 33
55 33
56 33
57 33
58 33
59 33
60 33
61 33
62 33
86 33
89 33
107 33
108 33
5 34
48 34
49 34
50 34
51 34
52 34
62 34
63 34
64 34
65 34
66 34
67 34
86 34
87 34
88 34
89 34
108 34
5 35
46 35
47 35
48 35
67 35
68 35
69 35
81 35
82 35
83 35
108 35
4 36
5 36
44 36
45 36
46 36
69 36
70 36
81 36
83 36
108 36
109 36
4 37
42 37
43 37
44 37
70 37
71 37
72 37
81 37
82 37
83 37
91 37
92 37
93 37
109 37
4 38
41 38
42 38
72 38
73 38
80 38
81 38
82 38
91 38
93 38
109 38
110 38
3 39
4 39
40 39
41 39
73 39
74 39
75 39
80 39
82 39
91 39
92 39
93 39
110 39
3 40
38 40
39 40
40 40
75 40
80 40
81 40
82 40
83 40
84 40
110 40
3 41
37 41
38 41
75 41
76 41
81 41
84 41
110 41
111 41
2 42
3 42
37 42
76 42
81 42
82 42
83 42
84 42
111 42
2 43
36 43
37 43
76 43
77 43
78 43
111 43
2 44
35 44
36 44
78 44
103 44
104 44
105 44
111 44
2 45
35 45
78 45
79 45
83 45
84 45
85 45
103 45
105 45
111 45
2 46
34 46
35 46
79 46
83 46
85 46
103 46
104 46
105 46
111 46
2 47
19 47
20 47
21 47
22 47
34 47
79 47
83 47
84 47
85 47
111 47
112 47
2 48
19 48
22 48
33 48
34 48
79 48
80 48
112 48
1 49
2 49
19 49
20 49
21 49
22 49
33 49
80 49
112 49
1 50
33 50
80 50
81 50
84 50
85 50
86 50
87 50
88 50
112 50
1 51
32 51
33 51
81 51
84 51
88 51
112 51
1 52
32 52
81 52
84 52
85 52
86 52
87 52
88 52
112 52
1 53
32 53
81 53
112 53
1 54
32 54
81 54
82 54
112 54
1 55
32 55
82 55
86 55
87 55
88 55
112 55
1 56
32 56
82 56
86 56
88 56
112 56
1 57
32 57
82 57
86 57
87 57
88 57
112 57
1 58
32 58
82 58
112 58
1 59
31 59
32 59
82 59
112 59
1 60
31 60
82 60
112 60
1 61
2 61
31 61
82 61
112 61
2 62
31 62
82 62
103 62
104 62
105 62
112 62
2 63
31 63
82 63
103 63
105 63
112 63
2 64
31 64
82 64
83 64
103 64
105 64
112 64
2 65
31 65
83 65
86 65
87 65
88 65
89 65
90 65
91 65
92 65
93 65
94 65
103 65
105 65
112 65
2 66
31 66
82 66
83 66
86 66
94 66
103 66
105 66
111 66
112 66
2 67
31 67
82 67
86 67
87 67
88 67
89 67
90 67
91 67
92 67
93 67
94 67
103 67
105 67
111 67
2 68
31 68
82 68
103 68
104 68
105 68
111 68
2 69
31 69
82 69
111 69
2 70
31 70
82 70
86 70
87 70
88 70
89 70
90 70
110 70
111 70
2 71
3 71
31 71
82 71
86 71
90 71
110 71
3 72
31 72
82 72
86 72
87 72
88 72
89 72
90 72
110 72
3 73
31 73
32 73
82 73
110 73
3 74
32 74
82 74
110 74
3 75
32 75
81 75
82 75
110 75
3 76
4 76
32 76
81 76
110 76
4 77
32 77
33 77
81 77
109 77
110 77
4 78
33 78
81 78
109 78
4 79
5 79
33 79
81 79
109 79
5 80
33 80
80 80
81 80
87 80
88 80
89 80
90 80
108 80
109 80
5 81
33 81
34 81
80 81
87 81
90 81
108 81
5 82
6 82
34 82
80 82
87 82
88 82
89 82
90 82
108 82
6 83
10 83
11 83
12 83
13 83
14 83
34 83
80 83
83 83
84 83
85 83
108 83
6 84
10 84
14 84
34 84
79 84
80 84
83 84
85 84
108 84
6 85
7 85
10 85
11 85
12 85
13 85
14 85
34 85
79 85
83 85
84 85
85 85
107 85
108 85
7 86
34 86
35 86
79 86
107 86
7 87
35 87
79 87
107 87
7 88
8 88
35 88
79 88
85 88
86 88
87 88
106 88
107 88
8 89
35 89
36 89
78 89
79 89
85 89
87 89
106 89
8 90
9 90
36 90
78 90
85 90
86 90
87 90
105 90
106 90
9 91
36 91
37 91
78 91
105 91
9 92
10 92
37 92
78 92
105 92
10 93
18 93
19 93
20 93
37 93
77 93
78 93
105 93
10 94
18 94
20 94
37 94
38 94
77 94
105 94
10 95
11 95
18 95
19 95
20 95
30 95
31 95
32 95
38 95
77 95
95 95
96 95
97 95
103 95
104 95
105 95
11 96
30 96
32 96
38 96
39 96
76 96
77 96
95 96
97 96
103 96
11 97
12 97
30 97
31 97
32 97
39 97
76 97
95 97
96 97
97 97
103 97
12 98
39 98
40 98
76 98
102 98
103 98
12 99
13 99
40 99
75 99
76 99
102 99
13 100
14 100
40 100
41 100
75 100
102 100
14 101
41 101
75 101
102 101
14 102
15 102
41 102
75 102
100 102
101 102
102 102
15 103
41 103
75 103
76 103
77 103
80 103
81 103
82 103
83 103
84 103
85 103
88 103
89 103
90 103
91 103
92 103
93 103
94 103
95 103
96 103
97 103
98 103
99 103
100 103
15 104
27 104
28 104
29 104
30 104
31 104
32 104
33 104
34 104
35 104
36 104
37 104
38 104
39 104
40 104
41 104
77 104
78 104
79 104
80 104
85 104
86 104
87 104
88 104
