72 1
73 1
75 1
88 1
89 1
90 1
91 1
94 1
64 2
67 2
68 2
69 2
70 2
71 2
86 2
94 2
95 2
97 2
98 2
99 2
61 3
62 3
63 3
76 3
77 3
78 3
79 3
81 3
82 3
83 3
84 3
102 3
103 3
58 4
59 4
60 4
103 4
104 4
105 4
107 4
54 5
55 5
57 5
107 5
108 5
109 5
52 6
53 6
54 6
109 6
111 6
112 6
49 7
50 7
112 7
113 7
114 7
47 8
49 8
116 8
44 9
45 9
47 9
118 9
42 10
44 10
119 10
41 11
121 11
123 11
39 12
40 12
41 12
123 12
124 12
37 13
124 13
125 13
127 14
34 15
35 15
36 15
33 16
34 16
128 16
129 16
32 17
33 17
130 17
131 17
31 18
131 18
71 19
72 19
75 19
76 19
77 19
81 19
83 19
84 19
85 19
86 19
87 19
88 19
132 19
133 19
28 20
67 20
68 20
69 20
70 20
89 20
90 20
91 20
133 20
135 20
63 21
64 21
65 21
66 21
96 21
98 21
136 21
26 22
62 22
63 22
74 22
75 22
78 22
79 22
80 22
84 22
88 22
90 22
91 22
98 22
100 22
136 22
137 22
25 23
60 23
61 23
67 23
69 23
72 23
91 23
93 23
102 23
103 23
138 23
25 24
57 24
58 24
95 24
96 24
97 24
103 24
105 24
138 24
139 24
23 25
24 25
25 25
53 25
55 25
56 25
61 25
62 25
63 25
98 25
99 25
107 25
108 25
22 26
52 26
53 26
58 26
60 26
61 26
102 26
103 26
104 26
108 26
110 26
140 26
141 26
51 27
52 27
57 27
75 27
76 27
78 27
79 27
80 27
82 27
84 27
85 27
86 27
104 27
105 27
110 27
111 27
141 27
21 28
22 28
49 28
51 28
54 28
55 28
56 28
72 28
73 28
74 28
89 28
93 28
94 28
95 28
96 28
105 28
106 28
108 28
112 28
142 28
20 29
49 29
52 29
54 29
67 29
68 29
96 29
97 29
98 29
108 29
109 29
114 29
19 30
46 30
47 30
48 30
52 30
67 30
98 30
99 30
101 30
102 30
110 30
111 30
114 30
116 30
145 30
19 31
49 31
50 31
51 31
62 31
64 31
104 31
112 31
113 31
117 31
146 31
18 32
43 32
44 32
45 32
49 32
60 32
104 32
105 32
114 32
42 33
46 33
47 33
58 33
106 33
108 33
115 33
116 33
119 33
120 33
16 34
17 34
41 34
42 34
45 34
56 34
57 34
58 34
109 34
110 34
116 34
117 34
120 34
147 34
15 35
16 35
40 35
41 35
44 35
45 35
56 35
111 35
112 35
117 35
118 35
121 35
122 35
148 35
149 35
15 36
40 36
43 36
54 36
118 36
119 36
122 36
123 36
149 36
38 37
39 37
52 37
54 37
115 37
123 37
124 37
125 37
149 37
150 37
151 37
14 38
37 38
41 38
42 38
51 38
52 38
115 38
120 38
121 38
122 38
125 38
151 38
36 39
37 39
41 39
51 39
115 39
117 39
122 39
151 39
12 40
35 40
39 40
49 40
118 40
126 40
127 40
12 41
35 41
38 41
119 41
124 41
127 41
128 41
152 41
12 42
37 42
38 42
48 42
120 42
153 42
11 43
34 43
37 43
45 43
121 43
126 43
130 43
153 43
10 44
11 44
45 44
121 44
126 44
130 44
155 44
36 45
44 45
45 45
123 45
127 45
128 45
130 45
131 45
155 45
9 46
10 46
32 46
34 46
43 46
124 46
128 46
129 46
132 46
9 47
34 47
43 47
124 47
125 47
129 47
132 47
155 47
156 47
9 48
30 48
31 48
33 48
125 48
129 48
132 48
133 48
156 48
8 49
9 49
29 49
33 49
41 49
125 49
130 49
133 49
157 49
8 50
29 50
32 50
40 50
41 50
126 50
127 50
133 50
157 50
8 51
31 51
32 51
127 51
131 51
132 51
135 51
158 51
28 52
31 52
39 52
40 52
128 52
132 52
133 52
7 53
30 53
39 53
133 53
135 53
7 54
27 54
30 54
38 54
128 54
129 54
133 54
159 54
7 55
26 55
27 55
37 55
38 55
130 55
134 55
136 55
6 56
26 56
134 56
136 56
159 56
5 57
6 57
25 57
26 57
37 57
131 57
134 57
135 57
137 57
160 57
5 58
35 58
131 58
135 58
27 59
28 59
131 59
137 59
138 59
160 59
5 60
24 60
25 60
27 60
35 60
132 60
136 60
138 60
160 60
4 61
24 61
26 61
27 61
34 61
132 61
136 61
139 61
160 61
161 61
4 62
26 62
34 62
133 62
136 62
139 62
161 62
23 63
33 63
34 63
136 63
140 63
161 63
23 64
26 64
134 64
140 64
162 64
4 65
22 65
23 65
25 65
32 65
134 65
137 65
138 65
32 66
138 66
140 66
162 66
3 67
22 67
24 67
25 67
31 67
32 67
135 67
138 67
3 68
31 68
138 68
2 69
21 69
139 69
141 69
142 69
23 70
30 70
31 70
135 70
139 70
142 70
163 70
2 71
20 71
136 71
139 71
140 71
163 71
2 72
23 72
163 72
30 73
136 73
137 73
140 73
163 73
2 74
20 74
22 74
23 74
137 74
140 74
142 74
163 74
1 75
20 75
22 75
29 75
137 75
141 75
142 75
163 75
1 76
20 76
22 76
137 76
141 76
142 76
143 76
163 76
22 77
137 77
138 77
143 77
164 77
1 78
19 78
21 78
22 78
28 78
138 78
164 78
1 79
19 79
28 79
141 79
143 79
19 80
27 80
144 80
164 80
1 81
19 81
21 81
27 81
138 81
139 81
164 81
18 82
19 82
20 82
27 82
139 82
164 82
1 83
20 83
139 83
144 83
1 84
18 84
20 84
27 84
139 84
142 84
164 84
1 85
20 85
26 85
139 85
144 85
1 86
17 86
18 86
20 86
26 86
144 86
164 86
17 87
139 87
143 87
145 87
17 88
20 88
26 88
143 88
164 88
1 89
26 90
139 90
143 90
1 91
18 91
19 91
26 91
143 91
145 91
164 91
19 92
25 92
139 92
140 92
143 92
145 92
17 93
19 93
25 93
140 93
145 93
19 94
25 94
140 94
1 95
17 95
145 95
25 96
140 96
145 96
164 96
1 97
17 97
25 97
140 97
143 97
145 97
1 98
16 98
19 98
25 98
145 98
164 98
16 99
140 99
145 99
164 99
1 100
18 100
19 100
24 100
25 100
140 100
143 100
144 100
145 100
164 100
1 101
16 101
164 101
18 102
24 102
140 102
1 103
16 103
18 103
24 103
164 103
16 104
18 104
140 104
164 104
1 105
24 105
140 105
163 105
164 105
1 106
16 106
24 106
140 106
163 106
1 107
24 107
140 107
144 107
145 107
1 108
143 108
163 108
2 109
16 109
24 109
140 109
143 109
145 109
2 110
16 110
143 110
144 110
162 110
163 110
2 111
18 111
24 111
162 111
2 112
18 112
140 113
162 113
2 114
24 114
140 114
162 114
3 115
24 115
140 115
162 115
3 116
24 116
140 116
3 117
140 117
162 117
140 118
161 118
3 119
25 119
139 119
140 119
161 119
25 120
4 121
25 121
139 121
160 121
161 121
4 122
25 122
160 122
25 123
139 123
160 123
25 124
160 124
5 125
139 125
159 125
5 126
25 126
159 126
138 127
139 127
159 127
5 128
6 128
26 128
138 128
159 128
6 129
138 129
6 130
26 130
138 130
158 130
7 131
26 131
138 131
158 131
138 132
158 132
7 133
26 133
138 133
157 133
158 133
7 134
8 134
26 134
137 134
156 134
157 134
8 135
137 135
155 136
156 136
137 137
155 137
8 138
9 138
28 138
136 138
155 138
28 139
136 139
154 139
155 139
28 140
136 140
10 141
135 141
136 141
10 142
135 142
153 142
154 142
11 143
135 143
152 143
153 143
29 144
152 144
134 145
29 146
151 146
152 146
12 147
13 148
133 148
150 148
13 149
132 149
150 149
13 150
30 150
31 150
149 150
132 151
149 151
15 152
131 152
148 152
16 153
32 153
32 154
147 154
130 155
146 155
32 156
33 156
129 156
130 156
145 157
18 158
33 158
128 158
145 158
18 159
34 159
144 159
145 159
19 160
35 160
127 160
144 160
19 161
20 161
35 161
143 161
144 161
35 162
126 162
127 162
142 162
143 162
20 163
21 163
126 163
142 163
36 164
37 164
125 164
126 164
142 164
21 165
22 165
140 165
141 165
23 166
37 166
124 166
140 166
23 167
37 167
124 167
139 167
140 167
23 168
139 168
24 169
25 169
39 169
122 169
25 170
26 170
122 170
138 170
26 171
39 171
40 171
122 171
137 171
138 171
27 172
40 172
40 173
121 173
136 173
27 174
28 174
40 174
120 174
135 174
28 175
31 175
32 175
34 175
38 175
39 175
40 175
119 175
134 175
119 176
