45 1
46 1
47 1
48 1
49 1
50 1
43 2
44 2
45 2
50 2
51 2
43 3
51 3
52 3
53 3
42 4
43 4
53 4
54 4
40 5
41 5
42 5
54 5
55 5
56 5
39 6
40 6
56 6
38 7
39 7
56 7
57 7
35 8
36 8
37 8
38 8
57 8
58 8
34 9
35 9
58 9
59 9
31 10
32 10
33 10
34 10
59 10
60 10
29 11
30 11
31 11
60 11
61 11
62 11
28 12
29 12
62 12
63 12
26 13
27 13
28 13
63 13
64 13
65 13
24 14
25 14
26 14
65 14
66 14
23 15
24 15
66 15
67 15
68 15
21 16
22 16
23 16
68 16
69 16
19 17
20 17
21 17
69 17
70 17
18 18
19 18
70 18
71 18
72 18
17 19
18 19
72 19
73 19
16 20
17 20
73 20
74 20
15 21
16 21
74 21
75 21
14 22
15 22
75 22
76 22
12 23
13 23
14 23
76 23
77 23
11 24
12 24
77 24
78 24
11 25
78 25
10 26
11 26
78 26
79 26
10 27
79 27
80 27
9 28
10 28
80 28
8 29
9 29
80 29
81 29
8 30
42 30
43 30
44 30
45 30
46 30
81 30
7 31
8 31
40 31
41 31
42 31
46 31
47 31
48 31
49 31
50 31
51 31
52 31
53 31
81 31
82 31
7 32
36 32
37 32
38 32
39 32
40 32
53 32
54 32
55 32
56 32
82 32
6 33
7 33
35 33
36 33
56 33
57 33
58 33
82 33
83 33
6 34
33 34
34 34
35 34
58 34
59 34
83 34
5 35
6 35
32 35
33 35
59 35
60 35
61 35
83 35
84 35
5 36
31 36
32 36
61 36
84 36
4 37
5 37
30 37
31 37
61 37
62 37
63 37
84 37
4 38
29 38
30 38
63 38
84 38
4 39
28 39
29 39
63 39
84 39
85 39
4 40
28 40
63 40
64 40
85 40
3 41
4 41
27 41
28 41
64 41
85 41
3 42
27 42
64 42
65 42
85 42
3 43
26 43
27 43
65 43
66 43
85 43
3 44
26 44
66 44
85 44
86 44
3 45
26 45
66 45
86 45
3 46
25 46
26 46
66 46
86 46
3 47
25 47
66 47
86 47
3 48
25 48
66 48
86 48
3 49
25 49
66 49
86 49
3 50
24 50
25 50
66 50
2 51
3 51
24 51
66 51
2 52
24 52
66 52
2 53
24 53
66 53
2 54
24 54
66 54
67 54
2 55
24 55
67 55
2 56
24 56
25 56
67 56
2 57
25 57
66 57
67 57
86 57
2 58
25 58
66 58
86 58
2 59
24 59
25 59
66 59
86 59
2 60
3 60
24 60
65 60
66 60
86 60
3 61
24 61
25 61
65 61
86 61
3 62
25 62
65 62
85 62
86 62
3 63
25 63
65 63
85 63
3 64
25 64
65 64
85 64
3 65
4 65
25 65
64 65
65 65
85 65
4 66
25 66
64 66
85 66
4 67
25 67
26 67
64 67
85 67
4 68
26 68
63 68
64 68
85 68
4 69
26 69
63 69
84 69
85 69
4 70
5 70
26 70
63 70
84 70
5 71
26 71
27 71
62 71
63 71
84 71
5 72
27 72
62 72
84 72
5 73
27 73
62 73
83 73
84 73
5 74
6 74
27 74
61 74
62 74
83 74
6 75
27 75
28 75
61 75
83 75
6 76
28 76
61 76
82 76
83 76
6 77
28 77
60 77
61 77
81 77
82 77
6 78
7 78
28 78
60 78
81 78
7 79
8 79
28 79
29 79
59 79
60 79
81 79
8 80
29 80
59 80
80 80
81 80
8 81
29 81
30 81
58 81
59 81
80 81
8 82
9 82
30 82
58 82
80 82
9 83
30 83
31 83
57 83
58 83
79 83
80 83
9 84
10 84
31 84
57 84
79 84
10 85
31 85
32 85
56 85
57 85
78 85
79 85
10 86
32 86
55 86
56 86
78 86
10 87
11 87
32 87
33 87
55 87
77 87
78 87
11 88
33 88
54 88
55 88
77 88
11 89
12 89
33 89
34 89
54 89
76 89
77 89
12 90
34 90
53 90
54 90
76 90
12 91
13 91
34 91
35 91
53 91
75 91
76 91
13 92
35 92
36 92
52 92
53 92
74 92
75 92
13 93
14 93
36 93
37 93
52 93
74 93
14 94
37 94
38 94
52 94
73 94
74 94
14 95
15 95
38 95
52 95
72 95
73 95
15 96
16 96
17 96
38 96
52 96
53 96
54 96
72 96
17 97
38 97
54 97
71 97
72 97
17 98
18 98
38 98
54 98
55 98
56 98
71 98
18 99
19 99
20 99
21 99
22 99
23 99
24 99
25 99
26 99
34 99
35 99
36 99
37 99
38 99
56 99
57 99
58 99
70 99
71 99
26 100
27 100
28 100
29 100
30 100
31 100
32 100
33 100
34 100
58 100
59 100
60 100
61 100
62 100
63 100
64 100
65 100
66 100
67 100
70 100
