70 7
71 7
72 7
73 7
74 7
75 7
76 7
77 7
78 7
79 7
80 7
81 7
82 7
64 8
65 8
66 8
67 8
68 8
69 8
70 8
82 8
83 8
84 8
85 8
59 9
60 9
61 9
62 9
63 9
64 9
85 9
86 9
87 9
88 9
89 9
90 9
91 9
92 9
93 9
94 9
95 9
54 10
55 10
56 10
57 10
58 10
59 10
95 10
96 10
97 10
98 10
99 10
100 10
101 10
102 10
51 11
52 11
53 11
54 11
102 11
103 11
104 11
105 11
49 12
50 12
51 12
105 12
106 12
45 13
46 13
47 13
48 13
49 13
106 13
107 13
108 13
109 13
45 14
109 14
110 14
111 14
112 14
41 15
42 15
43 15
44 15
45 15
112 15
113 15
39 16
40 16
41 16
113 16
114 16
115 16
38 17
39 17
115 17
116 17
117 17
35 18
36 18
37 18
38 18
117 18
118 18
32 19
33 19
34 19
35 19
118 19
119 19
120 19
30 20
31 20
32 20
120 20
121 20
122 20
30 21
122 21
123 21
27 22
28 22
29 22
30 22
123 22
124 22
125 22
27 23
125 23
25 24
26 24
27 24
125 24
126 24
127 24
25 25
127 25
128 25
25 26
128 26
129 26
130 26
25 27
130 27
23 28
24 28
25 28
130 28
131 28
132 28
20 29
21 29
22 29
23 29
132 29
20 30
132 30
133 30
20 31
133 31
134 31
17 32
18 32
19 32
20 32
134 32
135 32
17 33
135 33
136 33
16 34
17 34
136 34
15 35
16 35
136 35
15 36
136 36
137 36
14 37
15 37
137 37
138 37
13 38
14 38
70 38
71 38
72 38
73 38
74 38
75 38
76 38
77 38
78 38
79 38
80 38
81 38
82 38
83 38
84 38
85 38
138 38
139 38
13 39
64 39
65 39
66 39
67 39
68 39
69 39
70 39
85 39
86 39
87 39
88 39
89 39
139 39
13 40
62 40
63 40
64 40
89 40
90 40
91 40
92 40
139 40
140 40
12 41
13 41
60 41
61 41
62 41
92 41
93 41
94 41
140 41
11 42
12 42
58 42
59 42
60 42
94 42
95 42
96 42
140 42
141 42
11 43
56 43
57 43
58 43
96 43
97 43
98 43
141 43
11 44
54 44
55 44
56 44
98 44
99 44
100 44
141 44
11 45
53 45
54 45
100 45
101 45
141 45
142 45
11 46
52 46
53 46
101 46
102 46
142 46
143 46
9 47
10 47
11 47
50 47
51 47
52 47
102 47
103 47
104 47
143 47
9 48
49 48
50 48
104 48
105 48
143 48
9 49
48 49
49 49
105 49
106 49
143 49
144 49
8 50
9 50
47 50
48 50
106 50
107 50
144 50
8 51
46 51
47 51
107 51
108 51
144 51
145 51
8 52
45 52
46 52
108 52
109 52
145 52
8 53
44 53
45 53
109 53
145 53
8 54
44 54
109 54
110 54
145 54
146 54
8 55
43 55
44 55
110 55
111 55
146 55
147 55
7 56
8 56
42 56
43 56
111 56
112 56
147 56
7 57
42 57
112 57
147 57
6 58
7 58
41 58
42 58
112 58
113 58
127 58
128 58
129 58
130 58
147 58
6 59
40 59
41 59
113 59
114 59
127 59
130 59
147 59
148 59
6 60
40 60
114 60
127 60
128 60
129 60
130 60
148 60
5 61
6 61
39 61
40 61
114 61
148 61
5 62
39 62
114 62
115 62
148 62
4 63
5 63
38 63
39 63
115 63
116 63
148 63
149 63
4 64
15 64
16 64
17 64
37 64
38 64
116 64
149 64
4 65
15 65
17 65
37 65
116 65
117 65
149 65
3 66
4 66
15 66
17 66
37 66
117 66
149 66
150 66
3 67
15 67
16 67
17 67
36 67
37 67
117 67
150 67
2 68
3 68
36 68
117 68
118 68
150 68
2 69
36 69
118 69
150 69
2 70
36 70
118 70
150 70
2 71
35 71
36 71
118 71
119 71
150 71
151 71
2 72
35 72
119 72
151 72
2 73
35 73
119 73
151 73
1 74
2 74
35 74
119 74
151 74
1 75
34 75
35 75
119 75
151 75
1 76
34 76
119 76
120 76
151 76
1 77
34 77
120 77
151 77
1 78
34 78
120 78
121 78
151 78
1 79
34 79
121 79
1 80
34 80
121 80
1 81
34 81
121 81
1 82
34 82
121 82
1 83
34 83
121 83
1 84
33 84
34 84
121 84
1 85
33 85
121 85
1 86
33 86
34 86
121 86
1 87
34 87
121 87
1 88
34 88
121 88
1 89
33 89
34 89
121 89
122 89
1 90
33 90
122 90
1 91
33 91
34 91
122 91
1 92
34 92
122 92
1 93
34 93
122 93
1 94
34 94
121 94
122 94
1 95
34 95
121 95
1 96
34 96
121 96
1 97
2 97
34 97
121 97
151 97
2 98
34 98
121 98
151 98
2 99
34 99
121 99
151 99
2 100
34 100
35 100
121 100
151 100
2 101
35 101
121 101
151 101
2 102
35 102
120 102
121 102
151 102
2 103
35 103
87 103
88 103
89 103
90 103
120 103
151 103
2 104
35 104
87 104
90 104
120 104
150 104
151 104
2 105
3 105
35 105
87 105
90 105
120 105
150 105
3 106
35 106
36 106
87 106
88 106
89 106
90 106
120 106
150 106
3 107
36 107
120 107
150 107
3 108
36 108
119 108
120 108
150 108
3 109
36 109
119 109
150 109
3 110
4 110
36 110
119 110
150 110
4 111
36 111
119 111
149 111
150 111
4 112
36 112
37 112
119 112
149 112
4 113
37 113
118 113
119 113
148 113
149 113
4 114
5 114
37 114
118 114
148 114
5 115
6 115
37 115
38 115
118 115
148 115
6 116
38 116
117 116
118 116
148 116
6 117
38 117
117 117
147 117
148 117
6 118
38 118
117 118
147 118
6 119
38 119
39 119
117 119
147 119
6 120
39 120
116 120
117 120
147 120
6 121
7 121
39 121
116 121
147 121
7 122
39 122
40 122
116 122
146 122
147 122
7 123
40 123
115 123
116 123
146 123
7 124
8 124
40 124
115 124
145 124
146 124
8 125
40 125
41 125
114 125
115 125
145 125
8 126
41 126
114 126
145 126
8 127
9 127
41 127
114 127
144 127
145 127
9 128
41 128
42 128
113 128
114 128
144 128
9 129
42 129
113 129
143 129
144 129
9 130
10 130
42 130
112 130
113 130
143 130
10 131
42 131
43 131
112 131
143 131
10 132
43 132
111 132
112 132
142 132
143 132
10 133
11 133
43 133
111 133
142 133
11 134
43 134
44 134
110 134
111 134
142 134
11 135
12 135
44 135
110 135
141 135
142 135
12 136
44 136
109 136
110 136
141 136
12 137
13 137
44 137
45 137
109 137
140 137
141 137
13 138
45 138
109 138
140 138
13 139
45 139
46 139
108 139
109 139
139 139
140 139
13 140
14 140
46 140
107 140
108 140
139 140
14 141
46 141
107 141
139 141
14 142
15 142
46 142
107 142
138 142
139 142
15 143
16 143
46 143
47 143
106 143
107 143
138 143
16 144
47 144
106 144
138 144
16 145
47 145
48 145
105 145
106 145
137 145
138 145
16 146
17 146
48 146
105 146
137 146
17 147
48 147
104 147
105 147
136 147
137 147
17 148
18 148
48 148
49 148
104 148
135 148
136 148
18 149
49 149
104 149
135 149
18 150
49 150
103 150
104 150
135 150
18 151
19 151
49 151
50 151
102 151
103 151
134 151
135 151
19 152
20 152
50 152
102 152
133 152
134 152
20 153
50 153
101 153
102 153
133 153
20 154
21 154
50 154
51 154
101 154
132 154
133 154
21 155
51 155
101 155
132 155
21 156
22 156
51 156
100 156
101 156
131 156
132 156
22 157
23 157
51 157
100 157
130 157
131 157
23 158
51 158
100 158
130 158
23 159
24 159
25 159
51 159
100 159
129 159
130 159
25 160
51 160
100 160
128 160
129 160
25 161
51 161
100 161
128 161
25 162
51 162
100 162
127 162
128 162
25 163
51 163
100 163
127 163
25 164
26 164
51 164
100 164
126 164
127 164
26 165
51 165
100 165
125 165
126 165
26 166
51 166
100 166
124 166
125 166
26 167
48 167
49 167
50 167
51 167
100 167
123 167
124 167
26 168
27 168
28 168
29 168
30 168
31 168
32 168
33 168
34 168
35 168
36 168
37 168
38 168
39 168
40 168
41 168
42 168
43 168
44 168
45 168
46 168
47 168
48 168
100 168
123 168
100 169
101 169
102 169
103 169
104 169
105 169
106 169
120 169
121 169
122 169
123 169
