25 1
26 1
27 1
28 1
29 1
30 1
31 1
32 1
39 1
40 1
41 1
42 1
23 2
24 2
25 2
32 2
33 2
34 2
35 2
36 2
37 2
38 2
39 2
42 2
43 2
44 2
45 2
21 3
22 3
23 3
45 3
46 3
19 4
20 4
21 4
46 4
47 4
48 4
18 5
19 5
48 5
49 5
17 6
18 6
49 6
50 6
51 6
15 7
16 7
17 7
51 7
52 7
15 8
52 8
14 9
15 9
52 9
53 9
13 10
14 10
53 10
54 10
12 11
13 11
54 11
55 11
11 12
12 12
55 12
56 12
11 13
30 13
31 13
32 13
33 13
34 13
35 13
36 13
37 13
56 13
10 14
11 14
29 14
30 14
37 14
38 14
39 14
40 14
56 14
57 14
10 15
26 15
27 15
28 15
29 15
40 15
57 15
58 15
10 16
25 16
26 16
40 16
41 16
42 16
58 16
9 17
10 17
24 17
25 17
42 17
43 17
58 17
59 17
8 18
9 18
23 18
24 18
43 18
44 18
59 18
8 19
22 19
23 19
44 19
59 19
60 19
7 20
8 20
22 20
44 20
45 20
60 20
7 21
21 21
22 21
45 21
46 21
60 21
7 22
21 22
46 22
60 22
6 23
7 23
20 23
21 23
46 23
47 23
60 23
6 24
20 24
47 24
48 24
6 25
19 25
20 25
48 25
6 26
19 26
48 26
6 27
19 27
48 27
49 27
6 28
19 28
49 28
6 29
18 29
19 29
49 29
6 30
18 30
49 30
6 31
18 31
49 31
6 32
18 32
49 32
50 32
5 33
6 33
18 33
50 33
5 34
18 34
50 34
5 35
18 35
50 35
5 36
6 36
18 36
50 36
6 37
18 37
49 37
50 37
6 38
18 38
49 38
6 39
18 39
49 39
6 40
18 40
49 40
60 40
6 41
18 41
49 41
60 41
6 42
7 42
18 42
49 42
60 42
7 43
18 43
48 43
49 43
59 43
60 43
7 44
18 44
48 44
59 44
7 45
18 45
19 45
48 45
59 45
7 46
8 46
19 46
48 46
58 46
59 46
8 47
19 47
48 47
58 47
8 48
9 48
19 48
47 48
48 48
57 48
58 48
9 49
19 49
20 49
47 49
57 49
9 50
10 50
20 50
21 50
46 50
47 50
57 50
10 51
21 51
46 51
56 51
57 51
10 52
21 52
46 52
56 52
10 53
11 53
21 53
46 53
55 53
56 53
11 54
12 54
21 54
45 54
46 54
55 54
12 55
21 55
45 55
54 55
55 55
12 56
13 56
14 56
21 56
45 56
54 56
14 57
15 57
16 57
17 57
18 57
19 57
20 57
21 57
45 57
53 57
54 57
45 58
46 58
47 58
48 58
49 58
50 58
51 58
52 58
53 58
