38 1
39 1
40 1
41 1
43 1
45 1
46 1
47 1
48 1
49 1
50 1
51 1
52 1
53 1
54 1
33 2
35 2
36 2
37 2
38 2
54 2
55 2
56 2
57 2
30 3
32 3
33 3
60 3
61 3
62 3
63 3
27 4
29 4
30 4
43 4
45 4
46 4
49 4
50 4
51 4
64 4
66 4
67 4
26 5
27 5
34 5
35 5
36 5
37 5
38 5
39 5
41 5
42 5
46 5
48 5
49 5
51 5
52 5
53 5
54 5
55 5
56 5
67 5
68 5
69 5
24 6
25 6
26 6
33 6
34 6
58 6
59 6
60 6
61 6
69 6
70 6
71 6
23 7
24 7
29 7
30 7
31 7
61 7
62 7
63 7
64 7
71 7
72 7
21 8
22 8
27 8
65 8
66 8
72 8
73 8
19 9
20 9
27 9
74 9
75 9
18 10
19 10
25 10
67 10
69 10
75 10
76 10
16 11
17 11
24 11
69 11
70 11
76 11
77 11
15 12
16 12
22 12
23 12
70 12
77 12
79 12
15 13
21 13
71 13
72 13
79 13
13 14
14 14
21 14
72 14
79 14
80 14
12 15
13 15
20 15
73 15
75 15
80 15
81 15
12 16
18 16
19 16
81 16
11 17
12 17
17 17
18 17
75 17
82 17
10 18
11 18
17 18
76 18
77 18
82 18
83 18
9 19
78 19
84 19
9 20
14 20
16 20
78 20
79 20
84 20
85 20
8 21
9 21
14 21
79 21
80 21
85 21
86 21
8 22
14 22
43 22
44 22
45 22
46 22
47 22
49 22
86 22
87 22
7 23
13 23
14 23
38 23
39 23
40 23
41 23
52 23
53 23
54 23
55 23
80 23
87 23
7 24
12 24
13 24
36 24
37 24
38 24
55 24
56 24
57 24
81 24
87 24
6 25
11 25
33 25
34 25
35 25
57 25
58 25
59 25
60 25
81 25
82 25
87 25
6 26
11 26
32 26
60 26
61 26
82 26
89 26
5 27
30 27
31 27
32 27
49 27
50 27
51 27
62 27
63 27
82 27
83 27
89 27
5 28
10 28
28 28
29 28
30 28
43 28
45 28
46 28
47 28
48 28
52 28
53 28
54 28
55 28
63 28
64 28
83 28
89 28
4 29
9 29
10 29
28 29
39 29
40 29
42 29
55 29
57 29
64 29
65 29
83 29
89 29
4 30
26 30
27 30
28 30
37 30
38 30
39 30
59 30
65 30
83 30
84 30
90 30
3 31
4 31
8 31
9 31
26 31
35 31
36 31
60 31
61 31
65 31
67 31
84 31
90 31
25 32
26 32
34 32
35 32
61 32
62 32
67 32
84 32
90 32
3 33
8 33
24 33
33 33
34 33
62 33
63 33
68 33
85 33
91 33
2 34
3 34
7 34
8 34
23 34
31 34
32 34
33 34
63 34
91 34
2 35
23 35
85 35
86 35
2 36
6 36
7 36
29 36
30 36
64 36
65 36
69 36
86 36
91 36
92 36
2 37
23 37
29 37
65 37
66 37
86 37
92 37
2 38
5 38
6 38
21 38
22 38
28 38
66 38
70 38
86 38
1 39
5 39
21 39
66 39
67 39
70 39
86 39
92 39
1 40
5 40
21 40
27 40
28 40
67 40
70 40
71 40
87 40
92 40
5 41
26 41
27 41
67 41
68 41
71 41
92 41
1 42
5 42
20 42
26 42
71 42
87 42
92 42
1 43
5 43
20 43
26 43
68 43
71 43
72 43
92 43
93 43
1 44
5 44
19 44
20 44
25 44
68 44
69 44
72 44
87 44
93 44
5 45
19 45
25 45
69 45
72 45
93 45
1 46
5 46
19 46
25 46
72 46
87 46
93 46
5 47
18 47
19 47
24 47
25 47
69 47
72 47
87 47
93 47
1 48
5 48
18 48
24 48
72 48
73 48
1 49
5 49
24 49
69 49
70 49
73 49
87 49
93 49
1 50
5 50
18 50
23 50
24 50
73 50
87 50
1 51
5 51
17 51
18 51
23 51
70 51
87 51
1 52
5 52
17 52
23 52
70 52
87 52
1 53
17 53
23 53
70 53
73 53
78 53
79 53
83 53
93 53
1 54
17 54
23 54
70 54
73 54
76 54
84 54
85 54
87 54
93 54
1 55
5 55
9 55
11 55
12 55
17 55
70 55
73 55
76 55
85 55
87 55
92 55
93 55
1 56
2 56
13 56
14 56
17 56
23 56
70 56
73 56
76 56
85 56
92 56
2 57
14 57
17 57
23 57
70 57
73 57
76 57
87 57
92 57
2 58
14 58
23 58
70 58
73 58
84 58
85 58
86 58
87 58
93 58
2 59
14 59
17 59
23 59
76 59
86 59
93 59
2 60
14 60
17 60
23 60
70 60
73 60
76 60
86 60
93 60
2 61
14 61
17 61
23 61
70 61
76 61
77 61
78 61
79 61
80 61
82 61
83 61
84 61
86 61
2 62
14 62
23 62
70 62
73 62
92 62
6 63
7 63
8 63
9 63
10 63
12 63
13 63
17 63
23 63
73 63
86 63
92 63
2 64
6 64
17 64
23 64
70 64
73 64
85 64
86 64
91 64
92 64
2 65
3 65
6 65
17 65
70 65
79 65
85 65
91 65
3 66
6 66
18 66
23 66
70 66
73 66
74 66
75 66
76 66
77 66
79 66
82 66
85 66
91 66
3 67
6 67
8 67
9 67
10 67
11 67
12 67
13 67
14 67
15 67
18 67
23 67
77 67
79 67
83 67
90 67
91 67
3 68
6 68
16 68
18 68
69 68
70 68
78 68
79 68
84 68
85 68
90 68
3 69
8 69
16 69
23 69
69 69
82 69
84 69
90 69
6 70
7 70
8 70
16 70
23 70
73 70
74 70
82 70
84 70
90 70
3 71
16 71
18 71
24 71
69 71
74 71
82 71
84 71
90 71
3 72
4 72
16 72
18 72
24 72
69 72
74 72
82 72
83 72
84 72
90 72
4 73
16 73
18 73
24 73
68 73
69 73
72 73
74 73
75 73
76 73
77 73
78 73
79 73
81 73
82 73
83 73
89 73
90 73
4 74
13 74
15 74
16 74
18 74
19 74
24 74
68 74
71 74
72 74
83 74
89 74
4 75
5 75
9 75
11 75
12 75
24 75
68 75
71 75
83 75
88 75
89 75
5 76
8 76
19 76
25 76
78 76
79 76
80 76
82 76
83 76
88 76
5 77
8 77
9 77
19 77
25 77
68 77
71 77
73 77
74 77
75 77
76 77
80 77
82 77
88 77
5 78
10 78
11 78
12 78
14 78
16 78
19 78
25 78
68 78
81 78
82 78
88 78
5 79
6 79
18 79
19 79
25 79
67 79
70 79
71 79
72 79
87 79
6 80
18 80
19 80
67 80
70 80
87 80
6 81
18 81
25 81
26 81
67 81
70 81
71 81
72 81
86 81
87 81
6 82
18 82
19 82
20 82
26 82
67 82
6 83
7 83
26 83
66 83
67 83
69 83
70 83
71 83
86 83
26 84
66 84
69 84
71 84
76 84
77 84
78 84
79 84
20 85
21 85
26 85
27 85
66 85
69 85
71 85
74 85
75 85
76 85
79 85
85 85
8 86
12 86
13 86
14 86
15 86
18 86
19 86
21 86
27 86
66 86
69 86
79 86
85 86
8 87
12 87
65 87
66 87
69 87
78 87
79 87
84 87
85 87
9 88
12 88
21 88
22 88
27 88
65 88
69 88
71 88
72 88
73 88
74 88
75 88
78 88
84 88
12 89
22 89
27 89
28 89
64 89
65 89
76 89
77 89
78 89
84 89
9 90
13 90
15 90
16 90
17 90
18 90
20 90
21 90
22 90
64 90
83 90
84 90
9 91
10 91
13 91
14 91
15 91
28 91
64 91
83 91
10 92
28 92
29 92
63 92
64 92
82 92
83 92
10 93
11 93
29 93
63 93
82 93
29 94
63 94
81 94
30 95
63 95
64 95
66 95
81 95
11 96
12 96
30 96
66 96
67 96
68 96
69 96
70 96
71 96
72 96
73 96
74 96
80 96
12 97
22 97
23 97
24 97
31 97
74 97
80 97
12 98
17 98
19 98
21 98
22 98
24 98
25 98
31 98
73 98
74 98
80 98
17 99
31 99
62 99
63 99
64 99
66 99
67 99
68 99
69 99
70 99
71 99
73 99
79 99
80 99
13 100
14 100
17 100
18 100
19 100
20 100
21 100
22 100
23 100
24 100
25 100
31 100
32 100
62 100
71 100
72 100
73 100
79 100
14 101
32 101
33 101
62 101
79 101
14 102
15 102
16 102
33 102
78 102
16 103
33 103
62 103
78 103
16 104
17 104
18 104
33 104
62 104
65 104
66 104
67 104
68 104
74 104
75 104
76 104
77 104
18 105
19 105
20 105
24 105
25 105
26 105
27 105
28 105
30 105
31 105
32 105
33 105
68 105
70 105
71 105
72 105
73 105
