422 38
423 38
424 38
425 38
426 38
427 38
428 38
429 38
430 38
417 39
418 39
419 39
420 39
421 39
430 39
431 39
411 40
412 40
413 40
414 40
416 40
417 40
431 40
405 41
406 41
407 41
408 41
409 41
410 41
411 41
431 41
432 41
400 42
401 42
402 42
403 42
404 42
405 42
432 42
433 42
394 43
395 43
396 43
397 43
398 43
399 43
400 43
433 43
388 44
389 44
390 44
391 44
392 44
393 44
394 44
433 44
434 44
383 45
384 45
386 45
387 45
388 45
435 45
377 46
378 46
379 46
380 46
381 46
382 46
383 46
435 46
436 46
371 47
372 47
374 47
375 47
376 47
377 47
436 47
437 47
366 48
367 48
368 48
369 48
370 48
371 48
437 48
438 48
360 49
361 49
362 49
363 49
364 49
365 49
366 49
438 49
439 49
440 49
354 50
355 50
356 50
357 50
358 50
359 50
360 50
440 50
441 50
349 51
350 51
351 51
352 51
353 51
354 51
441 51
343 52
344 52
345 52
346 52
347 52
348 52
349 52
441 52
442 52
337 53
338 53
339 53
340 53
341 53
342 53
343 53
442 53
332 54
333 54
334 54
335 54
336 54
337 54
442 54
329 55
330 55
331 55
332 55
442 55
327 56
328 56
329 56
442 56
326 57
327 57
442 57
443 57
325 58
326 58
443 58
323 59
324 59
325 59
443 59
319 60
321 60
322 60
323 60
443 60
316 61
317 61
318 61
319 61
443 61
313 62
314 62
315 62
316 62
443 62
308 63
309 63
310 63
311 63
312 63
443 63
302 64
303 64
304 64
305 64
306 64
307 64
308 64
443 64
297 65
298 65
299 65
300 65
301 65
302 65
443 65
444 65
290 66
291 66
292 66
293 66
294 66
295 66
296 66
444 66
284 67
285 67
286 67
287 67
288 67
289 67
290 67
444 67
278 68
279 68
280 68
281 68
282 68
283 68
284 68
444 68
272 69
273 69
274 69
275 69
276 69
277 69
278 69
444 69
266 70
267 70
268 70
269 70
270 70
271 70
272 70
445 70
260 71
261 71
262 71
263 71
264 71
265 71
266 71
444 71
254 72
255 72
256 72
257 72
258 72
259 72
260 72
443 72
444 72
249 73
250 73
251 73
252 73
253 73
254 73
442 73
443 73
242 74
243 74
244 74
245 74
246 74
247 74
248 74
249 74
440 74
441 74
442 74
237 75
238 75
239 75
240 75
241 75
242 75
435 75
436 75
437 75
438 75
439 75
440 75
231 76
232 76
233 76
234 76
235 76
236 76
237 76
429 76
430 76
431 76
432 76
433 76
434 76
435 76
225 77
226 77
227 77
228 77
229 77
230 77
231 77
424 77
425 77
426 77
427 77
428 77
429 77
219 78
220 78
221 78
222 78
223 78
224 78
225 78
419 78
420 78
421 78
422 78
423 78
424 78
213 79
214 79
215 79
216 79
217 79
218 79
219 79
414 79
415 79
416 79
417 79
418 79
419 79
207 80
208 80
209 80
210 80
211 80
212 80
213 80
408 80
409 80
410 80
411 80
412 80
413 80
414 80
201 81
202 81
203 81
204 81
205 81
206 81
207 81
403 81
404 81
405 81
406 81
407 81
408 81
195 82
196 82
197 82
199 82
201 82
398 82
401 82
402 82
403 82
189 83
190 83
191 83
192 83
193 83
194 83
195 83
392 83
393 83
394 83
395 83
396 83
397 83
398 83
183 84
184 84
185 84
186 84
187 84
188 84
189 84
387 84
388 84
389 84
390 84
391 84
392 84
177 85
178 85
179 85
180 85
181 85
182 85
183 85
382 85
384 85
385 85
386 85
387 85
171 86
172 86
173 86
174 86
175 86
176 86
177 86
376 86
377 86
378 86
379 86
380 86
381 86
382 86
165 87
166 87
167 87
168 87
169 87
170 87
171 87
371 87
372 87
373 87
374 87
375 87
376 87
159 88
160 88
161 88
162 88
163 88
164 88
165 88
366 88
367 88
368 88
369 88
370 88
154 89
155 89
156 89
157 89
158 89
159 89
360 89
361 89
362 89
363 89
364 89
365 89
366 89
148 90
149 90
150 90
151 90
152 90
153 90
154 90
355 90
357 90
358 90
359 90
360 90
142 91
143 91
144 91
145 91
146 91
147 91
148 91
350 91
351 91
352 91
353 91
354 91
355 91
136 92
137 92
138 92
139 92
140 92
141 92
142 92
344 92
345 92
346 92
347 92
348 92
349 92
350 92
130 93
131 93
132 93
133 93
134 93
135 93
136 93
339 93
340 93
341 93
343 93
344 93
124 94
125 94
126 94
127 94
128 94
129 94
130 94
334 94
335 94
336 94
337 94
338 94
339 94
118 95
119 95
120 95
121 95
123 95
124 95
328 95
329 95
330 95
331 95
332 95
333 95
112 96
113 96
114 96
115 96
116 96
117 96
118 96
303 96
304 96
305 96
306 96
307 96
308 96
323 96
324 96
325 96
326 96
328 96
106 97
107 97
108 97
109 97
110 97
111 97
112 97
297 97
299 97
300 97
301 97
302 97
303 97
308 97
309 97
318 97
319 97
320 97
321 97
322 97
323 97
100 98
101 98
102 98
103 98
104 98
105 98
106 98
290 98
291 98
292 98
293 98
294 98
295 98
296 98
297 98
310 98
311 98
312 98
313 98
314 98
315 98
316 98
317 98
318 98
94 99
95 99
96 99
97 99
98 99
99 99
100 99
284 99
285 99
286 99
287 99
288 99
289 99
290 99
88 100
89 100
90 100
91 100
92 100
93 100
94 100
278 100
279 100
280 100
281 100
282 100
283 100
284 100
82 101
83 101
84 101
85 101
86 101
87 101
88 101
271 101
272 101
273 101
274 101
275 101
276 101
277 101
278 101
76 102
77 102
78 102
79 102
80 102
81 102
82 102
265 102
266 102
267 102
268 102
269 102
270 102
271 102
70 103
71 103
72 103
73 103
74 103
75 103
76 103
259 103
260 103
261 103
262 103
263 103
264 103
265 103
64 104
65 104
66 104
67 104
69 104
70 104
253 104
254 104
255 104
256 104
257 104
258 104
259 104
59 105
60 105
61 105
62 105
63 105
64 105
246 105
247 105
248 105
249 105
250 105
251 105
252 105
53 106
54 106
55 106
57 106
58 106
59 106
240 106
241 106
242 106
244 106
245 106
246 106
47 107
48 107
49 107
50 107
51 107
52 107
53 107
234 107
236 107
237 107
238 107
239 107
240 107
41 108
42 108
43 108
44 108
45 108
46 108
47 108
227 108
228 108
229 108
230 108
231 108
232 108
233 108
35 109
36 109
37 109
38 109
39 109
40 109
41 109
221 109
222 109
223 109
224 109
225 109
226 109
227 109
29 110
30 110
31 110
32 110
34 110
214 110
216 110
217 110
218 110
219 110
220 110
221 110
26 111
27 111
28 111
209 111
210 111
211 111
212 111
213 111
214 111
24 112
25 112
26 112
202 112
203 112
205 112
206 112
207 112
208 112
24 113
195 113
196 113
198 113
199 113
200 113
201 113
202 113
24 114
189 114
190 114
191 114
192 114
193 114
194 114
195 114
183 115
184 115
185 115
186 115
187 115
188 115
189 115
24 116
176 116
177 116
178 116
179 116
180 116
181 116
182 116
183 116
24 117
170 117
171 117
173 117
174 117
175 117
176 117
24 118
164 118
165 118
166 118
167 118
168 118
169 118
170 118
24 119
157 119
158 119
159 119
160 119
161 119
162 119
163 119
164 119
24 120
151 120
152 120
153 120
154 120
155 120
156 120
157 120
24 121
25 121
145 121
146 121
147 121
148 121
149 121
150 121
151 121
25 122
139 122
140 122
141 122
142 122
143 122
144 122
25 123
132 123
133 123
134 123
136 123
137 123
138 123
25 124
125 124
126 124
127 124
128 124
129 124
130 124
131 124
132 124
25 125
119 125
120 125
121 125
122 125
123 125
124 125
125 125
25 126
114 126
115 126
116 126
117 126
118 126
119 126
25 127
26 127
106 127
107 127
108 127
109 127
110 127
111 127
112 127
113 127
100 128
101 128
103 128
104 128
105 128
106 128
26 129
94 129
95 129
96 129
97 129
98 129
100 129
26 130
87 130
88 130
89 130
90 130
91 130
92 130
93 130
94 130
26 131
81 131
82 131
83 131
84 131
85 131
86 131
87 131
26 132
27 132
75 132
76 132
77 132
78 132
79 132
80 132
81 132
27 133
68 133
69 133
70 133
71 133
72 133
73 133
74 133
75 133
27 134
28 134
62 134
63 134
64 134
65 134
66 134
67 134
68 134
28 135
29 135
56 135
57 135
58 135
59 135
60 135
61 135
62 135
29 136
30 136
31 136
32 136
33 136
49 136
50 136
51 136
52 136
53 136
55 136
56 136
33 137
34 137
35 137
36 137
37 137
38 137
39 137
43 137
44 137
45 137
46 137
47 137
48 137
49 137
39 138
40 138
41 138
42 138
43 138
