214 59
215 59
216 59
217 59
218 59
219 59
220 59
221 59
222 59
223 59
224 59
168 60
169 60
170 60
171 60
172 60
173 60
174 60
175 60
176 60
177 60
178 60
179 60
180 60
181 60
182 60
183 60
184 60
185 60
186 60
187 60
188 60
189 60
190 60
191 60
192 60
193 60
194 60
195 60
196 60
197 60
198 60
199 60
200 60
201 60
202 60
203 60
204 60
205 60
206 60
207 60
208 60
209 60
210 60
211 60
212 60
213 60
214 60
224 60
225 60
226 60
227 60
228 60
229 60
230 60
147 61
148 61
149 61
150 61
151 61
152 61
153 61
154 61
155 61
156 61
157 61
158 61
159 61
160 61
161 61
162 61
163 61
164 61
165 61
166 61
167 61
168 61
230 61
231 61
232 61
135 62
136 62
137 62
138 62
139 62
140 62
141 62
142 62
143 62
144 62
145 62
146 62
147 62
232 62
233 62
234 62
311 62
312 62
313 62
314 62
315 62
316 62
317 62
318 62
319 62
320 62
321 62
322 62
323 62
324 62
325 62
326 62
327 62
328 62
329 62
330 62
331 62
332 62
333 62
334 62
335 62
336 62
337 62
338 62
339 62
340 62
341 62
342 62
343 62
344 62
345 62
346 62
347 62
348 62
349 62
350 62
351 62
352 62
353 62
354 62
355 62
356 62
357 62
358 62
359 62
360 62
361 62
362 62
363 62
364 62
118 63
119 63
120 63
121 63
122 63
129 63
130 63
131 63
132 63
133 63
134 63
135 63
234 63
235 63
236 63
237 63
238 63
239 63
240 63
241 63
242 63
243 63
244 63
245 63
246 63
247 63
248 63
249 63
250 63
251 63
252 63
253 63
254 63
255 63
256 63
257 63
258 63
259 63
260 63
261 63
262 63
263 63
264 63
265 63
266 63
267 63
268 63
269 63
270 63
271 63
272 63
273 63
274 63
275 63
276 63
277 63
278 63
279 63
280 63
281 63
282 63
283 63
284 63
285 63
286 63
287 63
288 63
289 63
290 63
291 63
292 63
293 63
294 63
295 63
296 63
297 63
298 63
299 63
300 63
301 63
302 63
303 63
304 63
305 63
306 63
307 63
308 63
309 63
310 63
311 63
364 63
365 63
366 63
367 63
368 63
369 63
370 63
371 63
372 63
373 63
116 64
117 64
118 64
122 64
123 64
124 64
125 64
126 64
127 64
128 64
129 64
373 64
374 64
375 64
376 64
377 64
378 64
113 65
114 65
115 65
116 65
378 65
379 65
380 65
381 65
382 65
383 65
109 66
110 66
111 66
112 66
113 66
383 66
384 66
385 66
386 66
106 67
107 67
108 67
109 67
386 67
387 67
388 67
389 67
103 68
104 68
105 68
106 68
389 68
390 68
101 69
102 69
103 69
390 69
391 69
392 69
99 70
100 70
101 70
392 70
393 70
394 70
98 71
99 71
394 71
395 71
97 72
98 72
395 72
396 72
96 73
97 73
396 73
397 73
95 74
96 74
397 74
398 74
94 75
95 75
398 75
93 76
94 76
398 76
399 76
93 77
399 77
92 78
93 78
399 78
92 79
399 79
400 79
91 80
92 80
400 80
91 81
400 81
91 82
399 82
400 82
91 83
399 83
91 84
399 84
91 85
399 85
91 86
399 86
91 87
398 87
399 87
91 88
398 88
91 89
397 89
398 89
91 90
397 90
91 91
396 91
397 91
91 92
92 92
395 92
396 92
92 93
395 93
92 94
93 94
394 94
395 94
93 95
392 95
393 95
394 95
93 96
94 96
391 96
392 96
94 97
95 97
390 97
391 97
95 98
96 98
388 98
389 98
390 98
96 99
385 99
386 99
387 99
388 99
96 100
97 100
382 100
383 100
384 100
385 100
97 101
98 101
377 101
378 101
379 101
380 101
381 101
382 101
98 102
99 102
372 102
373 102
374 102
375 102
376 102
377 102
99 103
100 103
101 103
364 103
365 103
366 103
367 103
368 103
369 103
370 103
371 103
372 103
101 104
102 104
103 104
357 104
358 104
359 104
360 104
361 104
362 104
363 104
364 104
103 105
104 105
105 105
334 105
335 105
336 105
337 105
338 105
339 105
340 105
341 105
342 105
343 105
344 105
345 105
346 105
347 105
348 105
349 105
350 105
351 105
352 105
353 105
354 105
355 105
356 105
357 105
105 106
106 106
107 106
297 106
298 106
299 106
300 106
301 106
302 106
303 106
304 106
305 106
306 106
307 106
308 106
309 106
312 106
313 106
314 106
315 106
316 106
317 106
318 106
319 106
320 106
321 106
322 106
323 106
324 106
325 106
326 106
327 106
328 106
329 106
330 106
331 106
332 106
333 106
334 106
107 107
108 107
109 107
110 107
111 107
239 107
240 107
241 107
242 107
243 107
244 107
245 107
246 107
247 107
248 107
249 107
250 107
251 107
252 107
253 107
254 107
255 107
256 107
257 107
258 107
259 107
260 107
261 107
262 107
263 107
264 107
265 107
266 107
267 107
268 107
269 107
270 107
271 107
272 107
273 107
274 107
275 107
276 107
277 107
278 107
279 107
280 107
281 107
282 107
283 107
284 107
285 107
286 107
287 107
288 107
289 107
290 107
291 107
292 107
293 107
294 107
295 107
296 107
297 107
309 107
310 107
311 107
312 107
111 108
112 108
113 108
236 108
237 108
238 108
239 108
113 109
114 109
115 109
122 109
123 109
124 109
125 109
234 109
235 109
236 109
115 110
116 110
117 110
118 110
119 110
120 110
121 110
122 110
125 110
126 110
127 110
128 110
129 110
130 110
131 110
132 110
133 110
134 110
135 110
136 110
137 110
138 110
233 110
234 110
138 111
139 111
140 111
141 111
142 111
143 111
144 111
145 111
146 111
147 111
148 111
149 111
150 111
151 111
152 111
153 111
154 111
155 111
156 111
157 111
158 111
159 111
160 111
161 111
162 111
163 111
164 111
232 111
233 111
164 112
165 112
166 112
167 112
168 112
169 112
170 112
171 112
172 112
173 112
174 112
175 112
176 112
177 112
178 112
179 112
180 112
181 112
182 112
183 112
184 112
185 112
186 112
187 112
188 112
189 112
190 112
191 112
192 112
193 112
194 112
195 112
196 112
197 112
198 112
206 112
207 112
208 112
209 112
210 112
211 112
212 112
213 112
214 112
215 112
216 112
217 112
218 112
221 112
222 112
223 112
224 112
225 112
226 112
227 112
228 112
229 112
230 112
231 112
232 112
198 113
199 113
200 113
201 113
202 113
203 113
204 113
205 113
206 113
218 113
219 113
220 113
221 113
