95 67
96 67
97 67
98 67
99 67
100 67
101 67
102 67
103 67
104 67
105 67
106 67
107 67
108 67
109 67
110 67
93 68
94 68
95 68
110 68
111 68
112 68
113 68
114 68
115 68
116 68
117 68
118 68
119 68
120 68
121 68
122 68
123 68
124 68
125 68
126 68
127 68
128 68
129 68
130 68
131 68
132 68
133 68
134 68
135 68
136 68
137 68
138 68
139 68
140 68
141 68
142 68
143 68
144 68
145 68
146 68
147 68
148 68
149 68
150 68
151 68
152 68
153 68
154 68
155 68
156 68
157 68
158 68
92 69
93 69
158 69
159 69
160 69
161 69
162 69
163 69
164 69
165 69
166 69
167 69
168 69
169 69
170 69
171 69
172 69
173 69
174 69
175 69
176 69
177 69
178 69
179 69
180 69
181 69
182 69
183 69
184 69
91 70
92 70
184 70
185 70
186 70
187 70
188 70
189 70
190 70
191 70
192 70
193 70
194 70
195 70
91 71
195 71
196 71
197 71
198 71
199 71
200 71
201 71
202 71
203 71
204 71
205 71
206 71
207 71
208 71
209 71
210 71
90 72
91 72
210 72
211 72
212 72
213 72
214 72
215 72
216 72
217 72
218 72
219 72
220 72
221 72
222 72
223 72
224 72
225 72
226 72
227 72
228 72
229 72
230 72
231 72
232 72
233 72
234 72
235 72
236 72
237 72
383 72
384 72
385 72
90 73
237 73
238 73
239 73
240 73
241 73
242 73
243 73
244 73
245 73
246 73
247 73
248 73
249 73
250 73
251 73
252 73
253 73
254 73
255 73
256 73
257 73
258 73
259 73
260 73
261 73
262 73
263 73
264 73
265 73
266 73
267 73
268 73
269 73
274 73
275 73
276 73
277 73
283 73
284 73
285 73
302 73
303 73
304 73
305 73
306 73
307 73
308 73
309 73
310 73
311 73
312 73
313 73
314 73
315 73
316 73
317 73
318 73
319 73
320 73
321 73
322 73
323 73
324 73
325 73
326 73
327 73
328 73
329 73
330 73
331 73
332 73
333 73
334 73
335 73
336 73
337 73
338 73
339 73
340 73
341 73
342 73
343 73
344 73
345 73
346 73
347 73
348 73
349 73
350 73
351 73
352 73
353 73
354 73
355 73
356 73
379 73
380 73
381 73
382 73
383 73
385 73
386 73
387 73
388 73
90 74
269 74
270 74
271 74
272 74
273 74
274 74
277 74
278 74
279 74
280 74
281 74
282 74
283 74
285 74
286 74
287 74
288 74
289 74
290 74
291 74
292 74
293 74
294 74
295 74
296 74
297 74
298 74
299 74
300 74
301 74
302 74
356 74
357 74
358 74
376 74
377 74
378 74
379 74
388 74
389 74
90 75
358 75
359 75
368 75
369 75
370 75
371 75
372 75
373 75
374 75
375 75
376 75
389 75
390 75
391 75
90 76
359 76
360 76
361 76
362 76
363 76
364 76
365 76
366 76
367 76
368 76
391 76
392 76
393 76
90 77
393 77
394 77
90 78
394 78
395 78
396 78
90 79
396 79
397 79
89 80
90 80
397 80
398 80
399 80
89 81
399 81
400 81
401 81
88 82
89 82
401 82
88 83
401 83
87 84
88 84
400 84
401 84
87 85
399 85
400 85
87 86
398 86
399 86
87 87
397 87
398 87
87 88
396 88
397 88
87 89
395 89
396 89
87 90
393 90
394 90
395 90
87 91
392 91
393 91
87 92
391 92
392 92
87 93
389 93
390 93
391 93
87 94
362 94
363 94
364 94
365 94
366 94
367 94
368 94
369 94
370 94
371 94
372 94
373 94
374 94
375 94
376 94
377 94
378 94
379 94
380 94
381 94
387 94
388 94
389 94
87 95
88 95
360 95
361 95
362 95
381 95
382 95
383 95
384 95
385 95
386 95
387 95
88 96
359 96
360 96
88 97
89 97
357 97
358 97
359 97
89 98
343 98
344 98
345 98
346 98
347 98
348 98
349 98
350 98
351 98
352 98
353 98
354 98
355 98
356 98
357 98
89 99
326 99
327 99
328 99
329 99
330 99
331 99
332 99
333 99
334 99
335 99
336 99
337 99
338 99
339 99
340 99
341 99
342 99
343 99
89 100
308 100
309 100
310 100
311 100
312 100
313 100
314 100
315 100
316 100
317 100
318 100
319 100
320 100
321 100
322 100
323 100
324 100
325 100
326 100
89 101
292 101
293 101
294 101
295 101
296 101
297 101
298 101
299 101
300 101
301 101
302 101
303 101
304 101
305 101
306 101
307 101
308 101
89 102
286 102
287 102
288 102
289 102
290 102
291 102
292 102
89 103
273 103
274 103
275 103
276 103
277 103
278 103
279 103
280 103
281 103
282 103
283 103
284 103
285 103
286 103
89 104
259 104
260 104
261 104
262 104
263 104
264 104
265 104
266 104
267 104
268 104
269 104
270 104
271 104
272 104
273 104
89 105
244 105
245 105
246 105
247 105
248 105
249 105
250 105
251 105
252 105
253 105
254 105
255 105
256 105
257 105
258 105
259 105
89 106
224 106
225 106
226 106
227 106
228 106
229 106
230 106
231 106
232 106
233 106
234 106
235 106
236 106
237 106
238 106
239 106
240 106
241 106
242 106
243 106
244 106
89 107
205 107
206 107
207 107
208 107
209 107
210 107
211 107
212 107
213 107
214 107
215 107
216 107
217 107
218 107
219 107
220 107
221 107
222 107
223 107
224 107
89 108
90 108
197 108
198 108
199 108
200 108
201 108
202 108
203 108
204 108
205 108
90 109
91 109
195 109
196 109
197 109
91 110
189 110
190 110
191 110
192 110
193 110
194 110
195 110
91 111
92 111
93 111
178 111
179 111
180 111
181 111
182 111
183 111
184 111
185 111
186 111
187 111
188 111
189 111
93 112
94 112
95 112
126 112
127 112
128 112
129 112
130 112
131 112
132 112
140 112
141 112
142 112
143 112
144 112
145 112
146 112
147 112
148 112
149 112
150 112
151 112
152 112
153 112
154 112
155 112
156 112
157 112
158 112
159 112
160 112
161 112
162 112
163 112
164 112
165 112
166 112
167 112
168 112
169 112
170 112
171 112
172 112
173 112
174 112
175 112
176 112
177 112
178 112
95 113
96 113
97 113
98 113
99 113
100 113
101 113
102 113
103 113
104 113
105 113
106 113
107 113
108 113
109 113
110 113
111 113
112 113
113 113
114 113
115 113
116 113
117 113
118 113
119 113
120 113
121 113
122 113
123 113
124 113
125 113
126 113
132 113
133 113
134 113
135 113
136 113
137 113
138 113
139 113
140 113
