416 60
417 60
418 60
419 60
420 60
421 60
422 60
423 60
424 60
425 60
380 61
381 61
382 61
383 61
384 61
385 61
386 61
387 61
388 61
389 61
390 61
391 61
392 61
393 61
394 61
395 61
396 61
397 61
398 61
399 61
400 61
401 61
402 61
403 61
404 61
405 61
406 61
407 61
408 61
409 61
410 61
411 61
412 61
413 61
414 61
415 61
416 61
425 61
426 61
427 61
344 62
345 62
346 62
347 62
348 62
349 62
350 62
351 62
352 62
353 62
354 62
355 62
356 62
357 62
358 62
359 62
360 62
361 62
362 62
363 62
364 62
365 62
366 62
367 62
368 62
369 62
370 62
371 62
372 62
373 62
374 62
375 62
376 62
377 62
378 62
379 62
380 62
427 62
428 62
307 63
308 63
309 63
310 63
311 63
312 63
313 63
314 63
315 63
316 63
317 63
318 63
319 63
320 63
321 63
322 63
323 63
324 63
325 63
326 63
327 63
328 63
329 63
330 63
331 63
332 63
333 63
334 63
335 63
336 63
337 63
338 63
339 63
340 63
341 63
342 63
343 63
344 63
428 63
429 63
271 64
272 64
273 64
274 64
275 64
276 64
277 64
278 64
279 64
280 64
281 64
282 64
283 64
284 64
285 64
286 64
287 64
288 64
289 64
290 64
291 64
292 64
293 64
294 64
295 64
296 64
297 64
298 64
299 64
300 64
301 64
302 64
303 64
304 64
305 64
306 64
307 64
429 64
430 64
235 65
236 65
237 65
238 65
239 65
240 65
241 65
242 65
243 65
244 65
245 65
246 65
247 65
248 65
249 65
250 65
251 65
252 65
253 65
254 65
255 65
256 65
257 65
258 65
259 65
260 65
261 65
262 65
263 65
264 65
265 65
266 65
267 65
268 65
269 65
270 65
271 65
430 65
431 65
432 65
199 66
200 66
201 66
202 66
203 66
204 66
205 66
206 66
207 66
208 66
209 66
210 66
211 66
212 66
213 66
214 66
215 66
216 66
217 66
218 66
219 66
220 66
221 66
222 66
223 66
224 66
225 66
226 66
227 66
228 66
229 66
230 66
231 66
232 66
233 66
234 66
235 66
432 66
433 66
434 66
435 66
436 66
437 66
438 66
439 66
440 66
441 66
442 66
443 66
444 66
445 66
163 67
164 67
165 67
166 67
167 67
168 67
169 67
170 67
171 67
172 67
173 67
174 67
175 67
176 67
177 67
178 67
179 67
180 67
181 67
182 67
183 67
184 67
185 67
186 67
187 67
188 67
189 67
190 67
191 67
192 67
193 67
194 67
195 67
196 67
197 67
198 67
199 67
445 67
446 67
127 68
128 68
129 68
130 68
131 68
132 68
133 68
134 68
135 68
136 68
137 68
138 68
139 68
140 68
141 68
142 68
143 68
144 68
145 68
146 68
147 68
148 68
149 68
150 68
151 68
152 68
153 68
154 68
155 68
156 68
157 68
158 68
159 68
160 68
161 68
162 68
163 68
446 68
90 69
91 69
92 69
93 69
94 69
95 69
96 69
97 69
98 69
99 69
100 69
101 69
102 69
103 69
104 69
105 69
106 69
107 69
108 69
109 69
110 69
111 69
112 69
113 69
114 69
115 69
116 69
117 69
118 69
119 69
120 69
121 69
122 69
123 69
124 69
125 69
126 69
127 69
446 69
447 69
54 70
55 70
56 70
57 70
58 70
59 70
60 70
61 70
62 70
63 70
64 70
65 70
66 70
67 70
68 70
69 70
70 70
71 70
72 70
73 70
74 70
75 70
76 70
77 70
78 70
79 70
80 70
81 70
82 70
83 70
84 70
85 70
86 70
87 70
88 70
89 70
90 70
447 70
27 71
28 71
29 71
30 71
31 71
32 71
33 71
34 71
35 71
36 71
37 71
38 71
39 71
40 71
41 71
42 71
43 71
44 71
45 71
46 71
47 71
48 71
49 71
50 71
51 71
52 71
53 71
54 71
447 71
25 72
26 72
27 72
447 72
448 72
24 73
25 73
448 73
23 74
24 74
448 74
22 75
23 75
448 75
21 76
22 76
448 76
20 77
21 77
448 77
19 78
20 78
448 78
18 79
19 79
448 79
18 80
448 80
17 81
18 81
448 81
17 82
448 82
17 83
448 83
16 84
17 84
448 84
16 85
448 85
16 86
447 86
448 86
15 87
16 87
447 87
15 88
447 88
15 89
446 89
447 89
15 90
446 90
14 91
15 91
445 91
446 91
14 92
442 92
443 92
444 92
445 92
14 93
435 93
436 93
437 93
438 93
439 93
440 93
441 93
442 93
14 94
433 94
434 94
435 94
14 95
431 95
432 95
433 95
14 96
429 96
430 96
431 96
14 97
15 97
414 97
415 97
416 97
417 97
418 97
419 97
420 97
421 97
422 97
423 97
424 97
425 97
426 97
427 97
428 97
429 97
15 98
391 98
392 98
393 98
394 98
395 98
396 98
397 98
398 98
399 98
400 98
401 98
402 98
403 98
404 98
405 98
406 98
407 98
408 98
409 98
410 98
411 98
412 98
413 98
414 98
15 99
370 99
371 99
372 99
373 99
374 99
375 99
376 99
377 99
378 99
379 99
380 99
381 99
382 99
383 99
384 99
385 99
386 99
387 99
388 99
389 99
390 99
391 99
15 100
16 100
347 100
348 100
349 100
350 100
351 100
352 100
353 100
354 100
355 100
356 100
357 100
358 100
359 100
360 100
361 100
362 100
363 100
364 100
365 100
366 100
367 100
368 100
369 100
370 100
16 101
323 101
324 101
325 101
326 101
327 101
328 101
329 101
330 101
331 101
332 101
333 101
334 101
335 101
336 101
337 101
338 101
339 101
340 101
341 101
342 101
343 101
344 101
345 101
346 101
347 101
16 102
17 102
300 102
301 102
302 102
303 102
304 102
305 102
306 102
307 102
308 102
309 102
310 102
311 102
312 102
313 102
314 102
315 102
316 102
317 102
318 102
319 102
320 102
321 102
322 102
323 102
17 103
276 103
277 103
278 103
279 103
280 103
281 103
282 103
283 103
284 103
285 103
286 103
287 103
288 103
289 103
290 103
291 103
292 103
293 103
294 103
295 103
296 103
297 103
298 103
299 103
300 103
17 104
253 104
254 104
255 104
256 104
257 104
258 104
259 104
260 104
261 104
262 104
263 104
264 104
265 104
266 104
267 104
268 104
269 104
270 104
271 104
272 104
273 104
274 104
275 104
276 104
17 105
18 105
229 105
230 105
231 105
232 105
233 105
234 105
235 105
236 105
237 105
238 105
239 105
240 105
241 105
242 105
243 105
244 105
245 105
246 105
247 105
248 105
249 105
250 105
251 105
252 105
253 105
18 106
205 106
206 106
207 106
208 106
209 106
210 106
211 106
212 106
213 106
214 106
215 106
216 106
217 106
218 106
219 106
220 106
221 106
222 106
223 106
224 106
225 106
226 106
227 106
228 106
229 106
18 107
182 107
183 107
184 107
185 107
186 107
187 107
188 107
189 107
190 107
191 107
192 107
193 107
194 107
195 107
196 107
197 107
198 107
199 107
200 107
201 107
202 107
203 107
204 107
205 107
18 108
158 108
159 108
160 108
161 108
162 108
163 108
164 108
165 108
166 108
167 108
168 108
169 108
170 108
171 108
172 108
173 108
174 108
175 108
176 108
177 108
178 108
179 108
180 108
181 108
182 108
18 109
135 109
136 109
137 109
138 109
139 109
140 109
141 109
142 109
143 109
144 109
145 109
146 109
147 109
148 109
149 109
150 109
151 109
152 109
153 109
154 109
155 109
156 109
157 109
158 109
18 110
118 110
119 110
120 110
121 110
122 110
123 110
124 110
125 110
126 110
127 110
128 110
129 110
130 110
131 110
132 110
133 110
134 110
135 110
18 111
116 111
117 111
118 111
18 112
115 112
116 112
18 113
114 113
115 113
18 114
114 114
18 115
19 115
113 115
114 115
19 116
113 116
19 117
20 117
113 117
20 118
21 118
112 118
113 118
21 119
22 119
111 119
112 119
22 120
23 120
107 120
108 120
109 120
110 120
111 120
23 121
24 121
25 121
95 121
96 121
97 121
98 121
99 121
100 121
101 121
102 121
103 121
104 121
105 121
106 121
107 121
25 122
26 122
27 122
28 122
83 122
84 122
85 122
86 122
87 122
88 122
89 122
90 122
91 122
92 122
93 122
94 122
95 122
28 123
29 123
30 123
31 123
32 123
71 123
72 123
73 123
74 123
75 123
76 123
77 123
78 123
79 123
80 123
81 123
82 123
83 123
32 124
33 124
34 124
35 124
36 124
37 124
58 124
59 124
60 124
61 124
62 124
63 124
64 124
65 124
66 124
67 124
68 124
69 124
70 124
71 124
37 125
38 125
39 125
40 125
41 125
46 125
47 125
48 125
49 125
50 125
51 125
52 125
53 125
54 125
55 125
56 125
57 125
58 125
41 126
42 126
43 126
44 126
45 126
46 126
