96 78
97 78
98 78
99 78
100 78
101 78
102 78
103 78
104 78
105 78
106 78
107 78
108 78
109 78
110 78
94 79
95 79
96 79
110 79
111 79
112 79
93 80
94 80
112 80
113 80
114 80
91 81
92 81
93 81
114 81
115 81
80 82
81 82
82 82
83 82
84 82
85 82
86 82
87 82
88 82
89 82
90 82
91 82
115 82
116 82
117 82
77 83
78 83
79 83
80 83
117 83
118 83
119 83
120 83
121 83
122 83
123 83
124 83
125 83
126 83
127 83
128 83
129 83
130 83
131 83
132 83
133 83
134 83
135 83
136 83
137 83
138 83
139 83
140 83
141 83
142 83
143 83
144 83
145 83
146 83
147 83
148 83
149 83
150 83
151 83
152 83
153 83
154 83
155 83
156 83
157 83
158 83
159 83
160 83
161 83
162 83
163 83
164 83
165 83
166 83
167 83
168 83
169 83
170 83
171 83
172 83
173 83
174 83
175 83
176 83
177 83
178 83
179 83
180 83
181 83
182 83
183 83
184 83
185 83
186 83
187 83
188 83
189 83
75 84
76 84
77 84
189 84
190 84
191 84
73 85
74 85
75 85
191 85
192 85
193 85
194 85
195 85
196 85
197 85
198 85
199 85
200 85
201 85
202 85
203 85
209 85
210 85
211 85
212 85
213 85
214 85
215 85
216 85
217 85
218 85
219 85
220 85
221 85
222 85
223 85
224 85
225 85
226 85
227 85
228 85
229 85
230 85
231 85
232 85
233 85
238 85
239 85
240 85
241 85
242 85
243 85
244 85
249 85
250 85
251 85
252 85
253 85
254 85
255 85
256 85
257 85
258 85
259 85
260 85
261 85
262 85
263 85
264 85
265 85
266 85
267 85
268 85
269 85
273 85
274 85
275 85
276 85
277 85
278 85
279 85
72 86
73 86
203 86
204 86
205 86
206 86
207 86
208 86
209 86
233 86
234 86
235 86
236 86
237 86
238 86
244 86
245 86
246 86
247 86
248 86
249 86
269 86
270 86
271 86
272 86
273 86
279 86
280 86
281 86
282 86
283 86
284 86
285 86
286 86
287 86
288 86
289 86
290 86
291 86
292 86
293 86
294 86
295 86
296 86
297 86
298 86
299 86
300 86
301 86
302 86
303 86
304 86
305 86
306 86
307 86
308 86
309 86
310 86
311 86
312 86
313 86
314 86
315 86
316 86
317 86
318 86
319 86
320 86
321 86
322 86
323 86
324 86
325 86
326 86
327 86
71 87
72 87
327 87
328 87
329 87
330 87
331 87
332 87
333 87
334 87
335 87
70 88
71 88
335 88
336 88
337 88
338 88
339 88
70 89
339 89
340 89
341 89
69 90
70 90
341 90
342 90
69 91
342 91
343 91
68 92
69 92
343 92
344 92
68 93
344 93
67 94
68 94
344 94
345 94
67 95
345 95
67 96
345 96
67 97
345 97
67 98
345 98
67 99
345 99
67 100
345 100
67 101
345 101
67 102
345 102
66 103
67 103
345 103
66 104
345 104
66 105
345 105
66 106
67 106
344 106
345 106
67 107
344 107
67 108
344 108
67 109
343 109
344 109
67 110
343 110
67 111
342 111
343 111
67 112
68 112
341 112
342 112
68 113
340 113
341 113
68 114
339 114
340 114
68 115
337 115
338 115
339 115
68 116
331 116
332 116
333 116
334 116
335 116
336 116
337 116
68 117
69 117
317 117
318 117
319 117
320 117
321 117
322 117
323 117
324 117
325 117
326 117
327 117
328 117
329 117
330 117
331 117
69 118
303 118
304 118
305 118
306 118
307 118
308 118
309 118
310 118
311 118
312 118
313 118
314 118
315 118
316 118
317 118
69 119
70 119
281 119
282 119
283 119
284 119
285 119
286 119
288 119
289 119
290 119
291 119
292 119
293 119
294 119
295 119
296 119
297 119
298 119
299 119
300 119
301 119
302 119
303 119
70 120
71 120
248 120
249 120
250 120
251 120
252 120
253 120
254 120
255 120
256 120
257 120
258 120
259 120
260 120
261 120
262 120
263 120
264 120
265 120
266 120
267 120
268 120
269 120
270 120
271 120
272 120
273 120
274 120
275 120
276 120
277 120
278 120
279 120
280 120
281 120
286 120
287 120
288 120
71 121
72 121
209 121
210 121
211 121
212 121
213 121
214 121
215 121
216 121
217 121
218 121
219 121
220 121
221 121
222 121
223 121
224 121
225 121
226 121
227 121
228 121
229 121
230 121
231 121
232 121
233 121
234 121
235 121
236 121
237 121
238 121
239 121
240 121
241 121
242 121
243 121
244 121
245 121
246 121
247 121
248 121
72 122
73 122
195 122
196 122
197 122
198 122
199 122
200 122
201 122
202 122
203 122
204 122
205 122
206 122
207 122
208 122
209 122
73 123
74 123
193 123
194 123
195 123
74 124
75 124
76 124
191 124
192 124
193 124
76 125
77 125
78 125
79 125
80 125
81 125
82 125
83 125
84 125
85 125
86 125
87 125
88 125
89 125
90 125
91 125
183 125
184 125
185 125
186 125
187 125
188 125
189 125
190 125
191 125
91 126
92 126
93 126
116 126
117 126
118 126
119 126
120 126
121 126
122 126
123 126
124 126
125 126
126 126
127 126
130 126
131 126
132 126
133 126
134 126
135 126
136 126
137 126
138 126
139 126
140 126
141 126
142 126
143 126
144 126
145 126
146 126
147 126
148 126
149 126
150 126
151 126
152 126
153 126
154 126
155 126
156 126
157 126
158 126
159 126
160 126
161 126
162 126
163 126
164 126
165 126
166 126
167 126
168 126
169 126
170 126
171 126
172 126
173 126
174 126
175 126
176 126
177 126
178 126
179 126
180 126
181 126
182 126
183 126
93 127
94 127
95 127
112 127
113 127
114 127
115 127
116 127
127 127
128 127
129 127
130 127
95 128
96 128
97 128
111 128
112 128
97 129
98 129
99 129
100 129
101 129
108 129
109 129
110 129
111 129
101 130
102 130
103 130
104 130
105 130
106 130
107 130
108 130
