132 59
133 59
134 59
108 60
109 60
110 60
111 60
112 60
113 60
114 60
115 60
116 60
117 60
118 60
119 60
120 60
121 60
122 60
123 60
124 60
125 60
126 60
127 60
128 60
129 60
130 60
131 60
132 60
134 60
135 60
136 60
137 60
138 60
139 60
140 60
141 60
142 60
143 60
144 60
145 60
146 60
147 60
148 60
149 60
150 60
151 60
152 60
153 60
154 60
155 60
156 60
157 60
158 60
159 60
160 60
161 60
162 60
163 60
164 60
165 60
100 61
101 61
102 61
103 61
104 61
105 61
106 61
107 61
108 61
165 61
166 61
167 61
168 61
169 61
199 61
200 61
201 61
202 61
203 61
204 61
205 61
206 61
207 61
208 61
209 61
210 61
211 61
212 61
213 61
214 61
215 61
216 61
217 61
218 61
219 61
220 61
221 61
222 61
223 61
224 61
225 61
226 61
227 61
228 61
229 61
230 61
231 61
232 61
233 61
234 61
235 61
255 61
256 61
257 61
258 61
259 61
260 61
261 61
262 61
263 61
264 61
265 61
266 61
267 61
268 61
269 61
270 61
271 61
272 61
273 61
274 61
275 61
276 61
277 61
278 61
279 61
280 61
281 61
282 61
283 61
284 61
285 61
286 61
290 61
291 61
292 61
293 61
294 61
295 61
296 61
297 61
303 61
304 61
305 61
306 61
95 62
96 62
97 62
98 62
99 62
100 62
169 62
170 62
171 62
172 62
196 62
197 62
198 62
199 62
235 62
236 62
237 62
238 62
239 62
240 62
241 62
242 62
243 62
244 62
245 62
246 62
247 62
248 62
249 62
250 62
251 62
252 62
253 62
254 62
255 62
286 62
287 62
288 62
289 62
290 62
297 62
298 62
299 62
300 62
301 62
302 62
303 62
306 62
307 62
308 62
309 62
310 62
311 62
312 62
313 62
314 62
315 62
316 62
317 62
318 62
319 62
91 63
92 63
93 63
94 63
95 63
172 63
173 63
194 63
195 63
196 63
319 63
320 63
321 63
322 63
89 64
90 64
91 64
173 64
174 64
175 64
192 64
193 64
194 64
322 64
323 64
324 64
325 64
86 65
87 65
88 65
89 65
175 65
176 65
191 65
192 65
325 65
326 65
327 65
85 66
86 66
176 66
177 66
189 66
190 66
191 66
327 66
328 66
329 66
83 67
84 67
85 67
177 67
178 67
188 67
189 67
329 67
330 67
331 67
332 67
82 68
83 68
178 68
179 68
180 68
185 68
186 68
187 68
188 68
332 68
333 68
334 68
335 68
336 68
337 68
338 68
81 69
82 69
180 69
181 69
182 69
183 69
184 69
185 69
338 69
339 69
340 69
80 70
81 70
340 70
341 70
342 70
79 71
80 71
342 71
343 71
344 71
345 71
346 71
347 71
78 72
79 72
347 72
348 72
349 72
350 72
351 72
352 72
77 73
78 73
352 73
353 73
354 73
355 73
356 73
76 74
77 74
356 74
357 74
358 74
359 74
75 75
76 75
359 75
360 75
361 75
362 75
363 75
364 75
74 76
75 76
364 76
365 76
366 76
367 76
368 76
369 76
74 77
369 77
370 77
371 77
372 77
373 77
73 78
74 78
373 78
374 78
375 78
376 78
377 78
378 78
379 78
380 78
73 79
380 79
381 79
382 79
72 80
73 80
382 80
383 80
384 80
72 81
384 81
72 82
384 82
385 82
71 83
72 83
385 83
71 84
385 84
71 85
384 85
385 85
70 86
71 86
383 86
384 86
70 87
381 87
382 87
383 87
70 88
373 88
374 88
375 88
376 88
377 88
378 88
379 88
380 88
381 88
70 89
370 89
371 89
372 89
373 89
70 90
367 90
368 90
369 90
370 90
70 91
363 91
364 91
365 91
366 91
367 91
70 92
71 92
360 92
361 92
362 92
363 92
71 93
357 93
358 93
359 93
360 93
71 94
72 94
354 94
355 94
356 94
357 94
72 95
349 95
350 95
351 95
352 95
353 95
354 95
72 96
73 96
346 96
347 96
348 96
349 96
73 97
344 97
345 97
346 97
73 98
74 98
342 98
343 98
344 98
74 99
75 99
339 99
340 99
341 99
342 99
75 100
336 100
337 100
338 100
339 100
75 101
76 101
180 101
181 101
182 101
183 101
184 101
185 101
186 101
187 101
188 101
189 101
190 101
331 101
332 101
333 101
334 101
335 101
336 101
76 102
77 102
178 102
179 102
180 102
190 102
191 102
192 102
329 102
330 102
331 102
77 103
78 103
177 103
178 103
192 103
193 103
328 103
329 103
78 104
79 104
176 104
177 104
193 104
194 104
327 104
328 104
79 105
80 105
81 105
175 105
176 105
194 105
195 105
326 105
327 105
81 106
82 106
174 106
175 106
195 106
196 106
325 106
326 106
82 107
83 107
173 107
174 107
196 107
197 107
198 107
323 107
324 107
325 107
83 108
84 108
85 108
171 108
172 108
173 108
198 108
199 108
200 108
201 108
202 108
319 108
320 108
321 108
322 108
323 108
85 109
86 109
87 109
169 109
170 109
171 109
202 109
203 109
204 109
205 109
206 109
207 109
208 109
209 109
210 109
211 109
212 109
213 109
214 109
215 109
216 109
217 109
315 109
316 109
317 109
318 109
319 109
87 110
88 110
89 110
166 110
167 110
168 110
169 110
217 110
218 110
219 110
220 110
221 110
222 110
223 110
224 110
225 110
226 110
227 110
228 110
229 110
230 110
231 110
232 110
233 110
234 110
235 110
236 110
237 110
238 110
239 110
240 110
241 110
242 110
243 110
244 110
245 110
246 110
301 110
302 110
303 110
304 110
305 110
306 110
307 110
308 110
309 110
310 110
311 110
312 110
313 110
314 110
315 110
89 111
90 111
91 111
92 111
164 111
165 111
166 111
246 111
247 111
248 111
249 111
250 111
251 111
252 111
253 111
254 111
255 111
256 111
257 111
258 111
259 111
260 111
261 111
262 111
263 111
264 111
265 111
266 111
267 111
268 111
269 111
270 111
271 111
272 111
273 111
274 111
275 111
276 111
277 111
278 111
279 111
280 111
281 111
282 111
283 111
284 111
285 111
286 111
287 111
288 111
289 111
290 111
291 111
292 111
293 111
294 111
295 111
296 111
297 111
298 111
299 111
300 111
301 111
92 112
93 112
94 112
95 112
96 112
97 112
160 112
161 112
162 112
163 112
164 112
97 113
98 113
99 113
100 113
101 113
102 113
139 113
140 113
141 113
142 113
143 113
144 113
145 113
146 113
147 113
148 113
149 113
150 113
151 113
152 113
153 113
154 113
155 113
156 113
157 113
158 113
159 113
160 113
102 114
103 114
104 114
105 114
106 114
107 114
108 114
109 114
110 114
111 114
112 114
113 114
114 114
115 114
116 114
117 114
118 114
119 114
120 114
121 114
122 114
123 114
124 114
125 114
126 114
127 114
128 114
129 114
130 114
131 114
132 114
133 114
134 114
135 114
136 114
137 114
138 114
139 114
