39 25
40 25
41 25
42 25
43 25
44 25
45 25
46 25
47 25
48 25
49 25
50 25
51 25
52 25
53 25
54 25
35 26
36 26
37 26
38 26
39 26
54 26
55 26
56 26
57 26
58 26
59 26
33 27
34 27
35 27
59 27
60 27
61 27
62 27
63 27
32 28
33 28
63 28
64 28
65 28
31 29
32 29
65 29
66 29
67 29
68 29
29 30
30 30
31 30
68 30
69 30
70 30
71 30
72 30
28 31
29 31
72 31
73 31
74 31
27 32
28 32
74 32
75 32
76 32
26 33
27 33
76 33
77 33
78 33
79 33
80 33
25 34
26 34
80 34
81 34
82 34
24 35
25 35
82 35
83 35
84 35
23 36
24 36
84 36
85 36
86 36
23 37
86 37
87 37
88 37
22 38
23 38
88 38
89 38
90 38
22 39
90 39
91 39
92 39
21 40
22 40
92 40
93 40
94 40
21 41
94 41
95 41
96 41
20 42
21 42
96 42
97 42
20 43
97 43
98 43
20 44
98 44
99 44
100 44
20 45
100 45
101 45
20 46
101 46
102 46
20 47
102 47
103 47
20 48
103 48
104 48
20 49
104 49
105 49
20 50
105 50
106 50
20 51
106 51
107 51
20 52
107 52
108 52
20 53
108 53
109 53
20 54
109 54
20 55
109 55
110 55
20 56
110 56
111 56
20 57
21 57
111 57
112 57
21 58
112 58
21 59
22 59
112 59
113 59
22 60
113 60
114 60
22 61
23 61
114 61
115 61
23 62
115 62
23 63
115 63
116 63
23 64
116 64
23 65
116 65
117 65
23 66
24 66
117 66
24 67
117 67
118 67
24 68
25 68
118 68
25 69
118 69
25 70
26 70
118 70
26 71
118 71
119 71
26 72
27 72
119 72
27 73
28 73
119 73
28 74
119 74
28 75
29 75
119 75
29 76
119 76
120 76
29 77
30 77
120 77
30 78
120 78
30 79
31 79
120 79
31 80
32 80
120 80
32 81
33 81
120 81
33 82
34 82
120 82
34 83
35 83
120 83
35 84
36 84
120 84
36 85
37 85
120 85
37 86
38 86
120 86
38 87
39 87
119 87
120 87
39 88
40 88
119 88
40 89
41 89
119 89
41 90
42 90
119 90
42 91
43 91
118 91
119 91
43 92
44 92
45 92
118 92
45 93
46 93
118 93
119 93
46 94
47 94
119 94
120 94
47 95
48 95
120 95
121 95
48 96
49 96
121 96
122 96
49 97
50 97
122 97
123 97
50 98
51 98
52 98
123 98
124 98
52 99
53 99
124 99
125 99
53 100
54 100
125 100
126 100
54 101
55 101
56 101
126 101
127 101
56 102
57 102
127 102
128 102
129 102
57 103
58 103
129 103
130 103
131 103
58 104
59 104
60 104
131 104
132 104
133 104
60 105
61 105
62 105
133 105
134 105
62 106
63 106
64 106
134 106
135 106
64 107
65 107
66 107
135 107
136 107
66 108
67 108
68 108
106 108
107 108
108 108
136 108
137 108
68 109
69 109
70 109
104 109
105 109
106 109
108 109
109 109
110 109
137 109
138 109
70 110
71 110
72 110
102 110
103 110
104 110
110 110
111 110
138 110
139 110
140 110
72 111
73 111
74 111
75 111
76 111
77 111
92 111
93 111
94 111
95 111
96 111
97 111
98 111
99 111
100 111
101 111
102 111
111 111
112 111
140 111
141 111
142 111
77 112
78 112
79 112
80 112
81 112
82 112
83 112
84 112
85 112
86 112
87 112
88 112
89 112
90 112
91 112
92 112
112 112
142 112
143 112
144 112
112 113
113 113
144 113
145 113
146 113
113 114
146 114
147 114
148 114
113 115
114 115
148 115
149 115
150 115
114 116
115 116
150 116
151 116
152 116
115 117
116 117
152 117
153 117
116 118
117 118
118 118
153 118
154 118
118 119
119 119
154 119
155 119
156 119
119 120
120 120
156 120
157 120
120 121
121 121
157 121
158 121
121 122
122 122
158 122
159 122
160 122
122 123
123 123
160 123
161 123
123 124
124 124
161 124
162 124
124 125
125 125
162 125
163 125
164 125
125 126
126 126
164 126
165 126
126 127
127 127
165 127
166 127
127 128
128 128
166 128
167 128
128 129
129 129
167 129
168 129
169 129
129 130
130 130
169 130
170 130
171 130
130 131
131 131
132 131
171 131
172 131
132 132
133 132
172 132
173 132
133 133
134 133
173 133
174 133
134 134
135 134
174 134
175 134
135 135
136 135
175 135
176 135
136 136
137 136
176 136
177 136
178 136
137 137
138 137
178 137
179 137
138 138
139 138
179 138
180 138
139 139
140 139
180 139
181 139
182 139
140 140
141 140
142 140
182 140
183 140
184 140
142 141
143 141
184 141
185 141
186 141
143 142
144 142
186 142
187 142
144 143
145 143
146 143
187 143
188 143
146 144
147 144
148 144
188 144
189 144
190 144
148 145
149 145
150 145
190 145
191 145
150 146
151 146
191 146
192 146
151 147
152 147
192 147
193 147
194 147
152 148
153 148
154 148
194 148
195 148
196 148
154 149
155 149
196 149
197 149
198 149
155 150
156 150
198 150
199 150
156 151
157 151
158 151
199 151
200 151
158 152
159 152
200 152
201 152
202 152
159 153
160 153
202 153
203 153
204 153
160 154
161 154
204 154
205 154
206 154
161 155
162 155
206 155
207 155
162 156
163 156
207 156
208 156
163 157
164 157
165 157
208 157
209 157
165 158
166 158
209 158
210 158
211 158
166 159
167 159
211 159
212 159
213 159
167 160
168 160
213 160
214 160
168 161
169 161
214 161
215 161
169 162
170 162
215 162
216 162
217 162
170 163
171 163
172 163
217 163
218 163
172 164
173 164
218 164
219 164
173 165
174 165
219 165
220 165
221 165
174 166
175 166
221 166
222 166
223 166
175 167
176 167
223 167
224 167
225 167
176 168
177 168
225 168
226 168
227 168
177 169
178 169
179 169
227 169
228 169
229 169
179 170
180 170
181 170
229 170
230 170
231 170
181 171
182 171
231 171
232 171
233 171
182 172
183 172
233 172
234 172
183 173
184 173
234 173
235 173
184 174
185 174
186 174
235 174
236 174
237 174
186 175
187 175
237 175
238 175
187 176
188 176
238 176
239 176
188 177
189 177
190 177
239 177
240 177
190 178
191 178
192 178
240 178
241 178
192 179
193 179
194 179
241 179
242 179
194 180
195 180
242 180
243 180
195 181
196 181
243 181
196 182
197 182
243 182
244 182
197 183
198 183
244 183
198 184
199 184
244 184
199 185
200 185
201 185
244 185
201 186
202 186
203 186
244 186
203 187
204 187
205 187
244 187
205 188
206 188
243 188
244 188
206 189
207 189
243 189
207 190
208 190
209 190
242 190
243 190
209 191
210 191
211 191
241 191
242 191
211 192
212 192
213 192
240 192
241 192
213 193
214 193
215 193
239 193
240 193
215 194
216 194
217 194
238 194
239 194
217 195
218 195
219 195
237 195
238 195
219 196
220 196
221 196
235 196
236 196
237 196
221 197
222 197
223 197
224 197
225 197
231 197
232 197
233 197
234 197
235 197
225 198
226 198
227 198
228 198
229 198
230 198
231 198
