182 11
183 11
184 11
185 11
186 11
187 11
188 11
180 12
181 12
182 12
188 12
189 12
190 12
179 13
180 13
190 13
191 13
178 14
179 14
191 14
192 14
177 15
178 15
192 15
193 15
176 16
177 16
193 16
194 16
175 17
176 17
194 17
195 17
174 18
175 18
195 18
196 18
174 19
196 19
173 20
174 20
196 20
197 20
172 21
173 21
197 21
171 22
172 22
197 22
171 23
197 23
170 24
171 24
197 24
198 24
170 25
198 25
169 26
170 26
198 26
169 27
198 27
168 28
169 28
198 28
168 29
198 29
167 30
168 30
197 30
198 30
167 31
197 31
166 32
167 32
197 32
166 33
197 33
165 34
166 34
196 34
197 34
165 35
196 35
164 36
165 36
195 36
196 36
163 37
164 37
195 37
162 38
163 38
194 38
195 38
162 39
194 39
161 40
162 40
193 40
194 40
160 41
161 41
193 41
159 42
160 42
192 42
193 42
159 43
192 43
158 44
159 44
191 44
192 44
158 45
191 45
157 46
158 46
190 46
191 46
156 47
157 47
190 47
155 48
156 48
189 48
190 48
154 49
155 49
188 49
189 49
154 50
187 50
188 50
153 51
154 51
187 51
153 52
186 52
187 52
152 53
153 53
186 53
152 54
185 54
186 54
151 55
152 55
185 55
150 56
151 56
184 56
185 56
149 57
150 57
183 57
184 57
149 58
182 58
183 58
148 59
149 59
181 59
182 59
148 60
180 60
181 60
147 61
148 61
179 61
180 61
147 62
179 62
146 63
147 63
178 63
179 63
145 64
146 64
178 64
144 65
145 65
177 65
178 65
144 66
177 66
143 67
144 67
176 67
177 67
142 68
143 68
175 68
176 68
141 69
142 69
174 69
175 69
141 70
174 70
140 71
141 71
173 71
174 71
140 72
172 72
173 72
139 73
140 73
171 73
172 73
139 74
170 74
171 74
138 75
139 75
170 75
137 76
138 76
169 76
170 76
136 77
137 77
169 77
136 78
168 78
169 78
135 79
136 79
167 79
168 79
134 80
135 80
166 80
167 80
133 81
134 81
165 81
166 81
132 82
133 82
164 82
165 82
131 83
132 83
163 83
164 83
130 84
131 84
163 84
130 85
162 85
163 85
129 86
130 86
161 86
162 86
129 87
160 87
161 87
128 88
129 88
159 88
160 88
127 89
128 89
158 89
159 89
126 90
127 90
157 90
158 90
125 91
126 91
157 91
125 92
156 92
157 92
124 93
125 93
155 93
156 93
123 94
124 94
154 94
155 94
122 95
123 95
153 95
154 95
122 96
152 96
153 96
121 97
122 97
151 97
152 97
120 98
121 98
151 98
119 99
120 99
150 99
151 99
119 100
149 100
150 100
118 101
119 101
148 101
149 101
117 102
118 102
148 102
116 103
117 103
147 103
148 103
116 104
146 104
147 104
115 105
116 105
145 105
146 105
115 106
145 106
114 107
115 107
144 107
145 107
114 108
144 108
113 109
114 109
143 109
144 109
113 110
143 110
112 111
113 111
142 111
143 111
112 112
141 112
142 112
111 113
112 113
140 113
141 113
111 114
140 114
110 115
111 115
139 115
140 115
110 116
138 116
139 116
109 117
110 117
137 117
138 117
108 118
109 118
136 118
137 118
107 119
108 119
135 119
136 119
106 120
107 120
134 120
135 120
105 121
106 121
133 121
134 121
104 122
105 122
132 122
133 122
104 123
131 123
132 123
103 124
104 124
131 124
103 125
130 125
131 125
102 126
103 126
129 126
130 126
102 127
128 127
129 127
101 128
102 128
127 128
128 128
100 129
101 129
126 129
127 129
99 130
100 130
125 130
126 130
98 131
99 131
124 131
125 131
97 132
98 132
123 132
124 132
96 133
97 133
122 133
123 133
95 134
96 134
121 134
122 134
76 135
77 135
78 135
79 135
80 135
81 135
82 135
83 135
84 135
85 135
86 135
87 135
94 135
95 135
120 135
121 135
71 136
72 136
73 136
74 136
75 136
76 136
87 136
88 136
89 136
90 136
91 136
93 136
94 136
119 136
120 136
67 137
68 137
69 137
70 137
71 137
91 137
92 137
93 137
118 137
119 137
65 138
66 138
67 138
118 138
63 139
64 139
65 139
117 139
118 139
61 140
62 140
63 140
116 140
117 140
60 141
61 141
115 141
116 141
59 142
60 142
113 142
114 142
115 142
57 143
58 143
59 143
111 143
112 143
113 143
56 144
57 144
110 144
111 144
55 145
56 145
109 145
110 145
53 146
54 146
55 146
109 146
52 147
53 147
108 147
109 147
51 148
52 148
108 148
50 149
51 149
108 149
109 149
49 150
50 150
109 150
48 151
49 151
109 151
110 151
47 152
48 152
110 152
46 153
47 153
110 153
111 153
45 154
46 154
111 154
44 155
45 155
111 155
44 156
111 156
43 157
44 157
111 157
42 158
43 158
111 158
41 159
42 159
111 159
41 160
111 160
40 161
41 161
111 161
40 162
111 162
39 163
40 163
111 163
112 163
39 164
112 164
38 165
39 165
112 165
38 166
112 166
37 167
38 167
112 167
37 168
112 168
36 169
37 169
112 169
36 170
112 170
35 171
36 171
112 171
35 172
112 172
34 173
35 173
112 173
34 174
112 174
33 175
34 175
112 175
33 176
112 176
33 177
112 177
33 178
111 178
112 178
32 179
33 179
111 179
32 180
111 180
31 181
32 181
111 181
31 182
111 182
30 183
31 183
110 183
111 183
30 184
110 184
30 185
109 185
110 185
30 186
109 186
29 187
30 187
108 187
109 187
29 188
108 188
29 189
107 189
108 189
28 190
29 190
107 190
28 191
106 191
107 191
27 192
28 192
106 192
27 193
105 193
106 193
27 194
105 194
27 195
104 195
105 195
26 196
27 196
104 196
26 197
103 197
104 197
26 198
102 198
103 198
26 199
101 199
102 199
26 200
101 200
25 201
26 201
100 201
101 201
25 202
99 202
100 202
25 203
98 203
99 203
25 204
98 204
25 205
97 205
98 205
25 206
96 206
97 206
25 207
95 207
96 207
25 208
94 208
95 208
25 209
93 209
94 209
25 210
92 210
93 210
25 211
92 211
25 212
91 212
92 212
25 213
90 213
91 213
25 214
89 214
90 214
25 215
88 215
89 215
25 216
26 216
87 216
88 216
26 217
86 217
87 217
26 218
85 218
86 218
26 219
84 219
85 219
26 220
27 220
83 220
84 220
27 221
82 221
83 221
27 222
28 222
81 222
82 222
28 223
29 223
80 223
81 223
29 224
30 224
79 224
80 224
30 225
77 225
78 225
79 225
30 226
31 226
75 226
76 226
77 226
31 227
32 227
73 227
74 227
75 227
32 228
33 228
72 228
73 228
33 229
34 229
70 229
71 229
72 229
34 230
35 230
68 230
69 230
70 230
35 231
36 231
66 231
67 231
68 231
36 232
37 232
38 232
61 232
62 232
63 232
64 232
65 232
66 232
38 233
39 233
40 233
59 233
60 233
61 233
40 234
41 234
42 234
57 234
58 234
59 234
42 235
43 235
44 235
45 235
46 235
47 235
48 235
49 235
50 235
51 235
52 235
53 235
54 235
55 235
56 235
57 235
