201 25
202 25
203 25
204 25
205 25
206 25
207 25
208 25
209 25
210 25
211 25
212 25
213 25
214 25
215 25
216 25
196 26
197 26
198 26
199 26
200 26
201 26
216 26
217 26
218 26
219 26
220 26
192 27
193 27
194 27
195 27
196 27
220 27
221 27
222 27
190 28
191 28
192 28
222 28
223 28
187 29
188 29
189 29
190 29
223 29
224 29
183 30
184 30
185 30
186 30
187 30
224 30
225 30
226 30
181 31
182 31
183 31
226 31
227 31
179 32
180 32
181 32
227 32
228 32
175 33
176 33
177 33
178 33
179 33
228 33
229 33
173 34
174 34
175 34
229 34
230 34
171 35
172 35
173 35
230 35
231 35
169 36
170 36
171 36
231 36
232 36
167 37
168 37
169 37
232 37
165 38
166 38
167 38
232 38
233 38
163 39
164 39
165 39
233 39
161 40
162 40
163 40
233 40
234 40
159 41
160 41
161 41
234 41
158 42
159 42
234 42
235 42
157 43
158 43
235 43
155 44
156 44
157 44
235 44
154 45
155 45
235 45
153 46
154 46
235 46
152 47
153 47
235 47
151 48
152 48
235 48
150 49
151 49
235 49
149 50
150 50
235 50
148 51
149 51
235 51
147 52
148 52
235 52
146 53
147 53
235 53
146 54
235 54
145 55
146 55
235 55
144 56
145 56
235 56
143 57
144 57
234 57
235 57
143 58
234 58
142 59
143 59
233 59
234 59
141 60
142 60
233 60
140 61
141 61
232 61
233 61
140 62
232 62
139 63
140 63
232 63
139 64
232 64
138 65
139 65
232 65
138 66
231 66
232 66
137 67
138 67
231 67
137 68
230 68
231 68
137 69
230 69
137 70
229 70
230 70
136 71
137 71
229 71
136 72
228 72
229 72
136 73
227 73
228 73
136 74
227 74
136 75
226 75
227 75
135 76
136 76
226 76
135 77
225 77
226 77
135 78
225 78
135 79
224 79
225 79
135 80
223 80
224 80
135 81
222 81
223 81
135 82
221 82
222 82
135 83
220 83
221 83
135 84
219 84
220 84
135 85
218 85
219 85
135 86
217 86
218 86
135 87
136 87
216 87
217 87
136 88
215 88
216 88
136 89
214 89
215 89
136 90
213 90
214 90
136 91
137 91
212 91
213 91
137 92
210 92
211 92
212 92
136 93
137 93
209 93
210 93
135 94
136 94
208 94
209 94
134 95
135 95
207 95
208 95
133 96
134 96
206 96
207 96
132 97
133 97
205 97
206 97
131 98
132 98
203 98
204 98
205 98
130 99
131 99
202 99
203 99
129 100
130 100
201 100
202 100
128 101
129 101
199 101
200 101
201 101
126 102
127 102
128 102
198 102
199 102
124 103
125 103
126 103
197 103
198 103
122 104
123 104
124 104
195 104
196 104
197 104
121 105
122 105
193 105
194 105
195 105
120 106
121 106
191 106
192 106
193 106
119 107
120 107
189 107
190 107
191 107
118 108
119 108
147 108
148 108
149 108
187 108
188 108
189 108
117 109
118 109
145 109
146 109
147 109
149 109
150 109
151 109
185 109
186 109
187 109
115 110
116 110
117 110
144 110
145 110
151 110
152 110
153 110
183 110
184 110
185 110
113 111
114 111
115 111
143 111
144 111
153 111
154 111
155 111
156 111
157 111
158 111
159 111
160 111
161 111
162 111
163 111
178 111
179 111
180 111
181 111
182 111
183 111
111 112
112 112
113 112
143 112
163 112
164 112
165 112
166 112
167 112
168 112
169 112
170 112
171 112
172 112
173 112
174 112
175 112
176 112
177 112
178 112
109 113
110 113
111 113
142 113
143 113
107 114
108 114
109 114
142 114
105 115
106 115
107 115
141 115
142 115
103 116
104 116
105 116
140 116
141 116
102 117
103 117
139 117
140 117
101 118
102 118
137 118
138 118
139 118
99 119
100 119
101 119
136 119
137 119
98 120
99 120
135 120
136 120
97 121
98 121
134 121
135 121
95 122
96 122
97 122
133 122
134 122
94 123
95 123
132 123
133 123
93 124
94 124
131 124
132 124
91 125
92 125
93 125
130 125
131 125
90 126
91 126
129 126
130 126
89 127
90 127
128 127
129 127
88 128
89 128
127 128
128 128
86 129
87 129
88 129
126 129
127 129
84 130
85 130
86 130
125 130
126 130
83 131
84 131
123 131
124 131
125 131
82 132
83 132
122 132
123 132
81 133
82 133
121 133
122 133
80 134
81 134
120 134
121 134
79 135
80 135
119 135
120 135
77 136
78 136
79 136
118 136
119 136
76 137
77 137
117 137
118 137
75 138
76 138
116 138
117 138
73 139
74 139
75 139
115 139
116 139
71 140
72 140
73 140
113 140
114 140
115 140
69 141
70 141
71 141
112 141
113 141
68 142
69 142
111 142
112 142
67 143
68 143
109 143
110 143
111 143
65 144
66 144
67 144
107 144
108 144
109 144
64 145
65 145
105 145
106 145
107 145
63 146
64 146
104 146
105 146
61 147
62 147
63 147
103 147
104 147
59 148
60 148
61 148
101 148
102 148
103 148
57 149
58 149
59 149
100 149
101 149
56 150
57 150
99 150
100 150
55 151
56 151
97 151
98 151
99 151
53 152
54 152
55 152
96 152
97 152
51 153
52 153
53 153
95 153
96 153
49 154
50 154
51 154
94 154
95 154
48 155
49 155
93 155
94 155
47 156
48 156
92 156
93 156
46 157
47 157
90 157
91 157
92 157
44 158
45 158
46 158
89 158
90 158
42 159
43 159
44 159
88 159
89 159
41 160
42 160
87 160
88 160
40 161
41 161
86 161
87 161
38 162
39 162
40 162
85 162
86 162
37 163
38 163
83 163
84 163
85 163
36 164
37 164
82 164
83 164
34 165
35 165
36 165
81 165
82 165
32 166
33 166
34 166
80 166
81 166
30 167
31 167
32 167
79 167
80 167
28 168
29 168
30 168
78 168
79 168
26 169
27 169
28 169
76 169
77 169
78 169
24 170
25 170
26 170
74 170
75 170
76 170
22 171
23 171
24 171
73 171
74 171
21 172
22 172
72 172
73 172
20 173
21 173
71 173
72 173
18 174
19 174
20 174
69 174
70 174
71 174
17 175
18 175
68 175
69 175
16 176
17 176
67 176
68 176
15 177
16 177
65 177
66 177
67 177
14 178
15 178
63 178
64 178
65 178
13 179
14 179
61 179
62 179
63 179
12 180
13 180
60 180
61 180
12 181
59 181
60 181
11 182
12 182
58 182
59 182
11 183
57 183
58 183
11 184
56 184
57 184
11 185
54 185
55 185
56 185
11 186
52 186
53 186
54 186
11 187
50 187
51 187
52 187
11 188
12 188
49 188
50 188
12 189
48 189
49 189
12 190
13 190
46 190
47 190
48 190
13 191
14 191
44 191
45 191
46 191
14 192
15 192
42 192
43 192
44 192
15 193
16 193
40 193
41 193
42 193
16 194
17 194
38 194
39 194
40 194
17 195
18 195
36 195
37 195
38 195
18 196
19 196
20 196
34 196
35 196
36 196
20 197
21 197
22 197
23 197
24 197
30 197
31 197
32 197
33 197
34 197
24 198
25 198
26 198
27 198
28 198
29 198
30 198
