67 11
68 11
69 11
70 11
71 11
72 11
73 11
65 12
66 12
67 12
73 12
74 12
75 12
64 13
65 13
75 13
76 13
63 14
64 14
76 14
77 14
62 15
63 15
77 15
78 15
61 16
62 16
78 16
79 16
60 17
61 17
79 17
80 17
59 18
60 18
80 18
81 18
59 19
81 19
58 20
59 20
81 20
82 20
58 21
82 21
83 21
58 22
83 22
84 22
58 23
84 23
57 24
58 24
84 24
85 24
57 25
85 25
57 26
85 26
86 26
57 27
86 27
57 28
86 28
87 28
57 29
87 29
57 30
58 30
87 30
88 30
58 31
88 31
58 32
88 32
89 32
58 33
89 33
58 34
59 34
89 34
90 34
59 35
90 35
59 36
60 36
90 36
91 36
60 37
91 37
92 37
60 38
61 38
92 38
93 38
61 39
93 39
61 40
62 40
93 40
94 40
62 41
94 41
95 41
62 42
63 42
95 42
96 42
63 43
96 43
63 44
64 44
96 44
97 44
64 45
97 45
64 46
65 46
97 46
98 46
65 47
98 47
99 47
65 48
66 48
99 48
100 48
66 49
67 49
100 49
101 49
67 50
68 50
101 50
68 51
101 51
102 51
68 52
69 52
102 52
69 53
102 53
103 53
69 54
70 54
103 54
70 55
103 55
104 55
70 56
71 56
104 56
105 56
71 57
72 57
105 57
106 57
72 58
73 58
106 58
73 59
74 59
106 59
107 59
74 60
75 60
107 60
75 61
76 61
107 61
108 61
76 62
108 62
76 63
77 63
108 63
109 63
77 64
109 64
110 64
77 65
78 65
110 65
111 65
78 66
111 66
78 67
79 67
111 67
112 67
79 68
80 68
112 68
113 68
80 69
81 69
113 69
114 69
81 70
114 70
81 71
82 71
114 71
115 71
82 72
83 72
115 72
83 73
84 73
115 73
116 73
84 74
85 74
116 74
85 75
116 75
117 75
85 76
86 76
117 76
118 76
86 77
118 77
119 77
86 78
87 78
119 78
87 79
88 79
119 79
120 79
88 80
89 80
120 80
121 80
89 81
90 81
121 81
122 81
90 82
91 82
122 82
123 82
91 83
92 83
123 83
124 83
92 84
124 84
125 84
92 85
93 85
125 85
93 86
94 86
125 86
126 86
94 87
95 87
126 87
95 88
96 88
126 88
127 88
96 89
97 89
127 89
128 89
97 90
98 90
128 90
129 90
98 91
129 91
130 91
98 92
99 92
130 92
99 93
100 93
130 93
131 93
100 94
101 94
131 94
132 94
101 95
102 95
132 95
133 95
102 96
103 96
133 96
103 97
104 97
133 97
134 97
104 98
134 98
135 98
104 99
105 99
135 99
136 99
105 100
106 100
136 100
106 101
107 101
136 101
137 101
107 102
137 102
138 102
107 103
108 103
138 103
139 103
108 104
109 104
139 104
109 105
110 105
139 105
140 105
110 106
140 106
110 107
111 107
140 107
141 107
111 108
141 108
111 109
112 109
141 109
142 109
112 110
142 110
112 111
113 111
142 111
143 111
113 112
114 112
143 112
114 113
115 113
143 113
144 113
115 114
144 114
115 115
116 115
144 115
145 115
116 116
117 116
145 116
117 117
118 117
145 117
146 117
118 118
119 118
146 118
147 118
119 119
120 119
147 119
148 119
120 120
121 120
148 120
149 120
121 121
122 121
149 121
150 121
122 122
123 122
150 122
151 122
123 123
124 123
151 123
124 124
151 124
152 124
124 125
125 125
152 125
125 126
126 126
152 126
153 126
126 127
127 127
153 127
127 128
128 128
153 128
154 128
128 129
129 129
154 129
155 129
129 130
130 130
155 130
156 130
130 131
131 131
156 131
157 131
131 132
132 132
157 132
158 132
132 133
133 133
158 133
159 133
133 134
134 134
159 134
160 134
134 135
135 135
160 135
161 135
168 135
169 135
170 135
171 135
172 135
173 135
174 135
175 135
176 135
177 135
178 135
179 135
135 136
136 136
161 136
162 136
164 136
165 136
166 136
167 136
168 136
179 136
180 136
181 136
182 136
183 136
184 136
136 137
137 137
162 137
163 137
164 137
184 137
185 137
186 137
187 137
188 137
137 138
188 138
189 138
190 138
137 139
138 139
190 139
191 139
192 139
138 140
139 140
192 140
193 140
194 140
139 141
140 141
194 141
195 141
140 142
141 142
142 142
195 142
196 142
142 143
143 143
144 143
196 143
197 143
198 143
144 144
145 144
198 144
199 144
145 145
146 145
199 145
200 145
146 146
200 146
201 146
202 146
146 147
147 147
202 147
203 147
147 148
203 148
204 148
146 149
147 149
204 149
205 149
146 150
205 150
206 150
145 151
146 151
206 151
207 151
145 152
207 152
208 152
144 153
145 153
208 153
209 153
144 154
209 154
210 154
144 155
210 155
211 155
144 156
211 156
144 157
211 157
212 157
144 158
212 158
213 158
144 159
213 159
214 159
144 160
214 160
144 161
214 161
215 161
144 162
215 162
143 163
144 163
215 163
216 163
143 164
216 164
143 165
216 165
217 165
143 166
217 166
143 167
217 167
218 167
143 168
218 168
143 169
218 169
219 169
143 170
219 170
143 171
219 171
220 171
143 172
220 172
143 173
220 173
221 173
143 174
221 174
143 175
221 175
222 175
143 176
222 176
143 177
222 177
143 178
144 178
222 178
144 179
222 179
223 179
144 180
223 180
144 181
223 181
224 181
144 182
224 182
144 183
145 183
224 183
225 183
145 184
225 184
145 185
146 185
225 185
146 186
225 186
146 187
147 187
225 187
226 187
147 188
226 188
147 189
148 189
226 189
148 190
226 190
227 190
148 191
149 191
227 191
149 192
227 192
228 192
149 193
150 193
228 193
150 194
228 194
150 195
151 195
228 195
151 196
228 196
229 196
151 197
152 197
229 197
152 198
153 198
229 198
153 199
154 199
229 199
154 200
229 200
154 201
155 201
229 201
230 201
155 202
156 202
230 202
156 203
157 203
230 203
157 204
230 204
157 205
158 205
230 205
158 206
159 206
230 206
159 207
160 207
230 207
160 208
161 208
230 208
161 209
162 209
230 209
162 210
163 210
230 210
163 211
230 211
163 212
164 212
230 212
164 213
165 213
230 213
165 214
166 214
230 214
166 215
167 215
230 215
167 216
168 216
229 216
230 216
168 217
169 217
229 217
169 218
170 218
229 218
170 219
171 219
229 219
171 220
172 220
228 220
229 220
172 221
173 221
228 221
173 222
174 222
227 222
228 222
174 223
175 223
226 223
227 223
175 224
176 224
225 224
226 224
176 225
177 225
178 225
225 225
178 226
179 226
180 226
224 226
225 226
180 227
181 227
182 227
223 227
224 227
182 228
183 228
222 228
223 228
183 229
184 229
185 229
221 229
222 229
185 230
186 230
187 230
220 230
221 230
187 231
188 231
189 231
219 231
220 231
189 232
190 232
191 232
192 232
193 232
194 232
217 232
218 232
219 232
194 233
195 233
196 233
215 233
216 233
217 233
196 234
197 234
198 234
213 234
214 234
215 234
198 235
199 235
200 235
201 235
202 235
203 235
204 235
205 235
206 235
207 235
208 235
209 235
210 235
211 235
212 235
213 235
