105 7
106 7
107 7
108 7
109 7
110 7
111 7
103 8
104 8
105 8
111 8
112 8
113 8
102 9
103 9
113 9
114 9
101 10
102 10
114 10
115 10
100 11
101 11
115 11
116 11
100 12
116 12
117 12
99 13
100 13
117 13
118 13
99 14
118 14
119 14
99 15
119 15
99 16
119 16
120 16
99 17
120 17
99 18
120 18
99 19
100 19
120 19
100 20
120 20
121 20
100 21
101 21
121 21
101 22
102 22
121 22
102 23
103 23
121 23
103 24
121 24
122 24
103 25
122 25
103 26
104 26
122 26
104 27
122 27
104 28
122 28
104 29
122 29
123 29
104 30
105 30
123 30
105 31
123 31
105 32
123 32
105 33
123 33
124 33
105 34
124 34
105 35
106 35
124 35
106 36
124 36
106 37
124 37
106 38
124 38
125 38
106 39
107 39
125 39
107 40
125 40
107 41
125 41
107 42
125 42
126 42
107 43
126 43
107 44
108 44
126 44
108 45
126 45
108 46
126 46
108 47
126 47
127 47
108 48
109 48
127 48
109 49
127 49
109 50
127 50
109 51
127 51
109 52
127 52
128 52
109 53
110 53
128 53
110 54
128 54
110 55
128 55
110 56
128 56
129 56
110 57
129 57
110 58
111 58
129 58
111 59
129 59
111 60
129 60
111 61
129 61
111 62
129 62
111 63
129 63
111 64
129 64
111 65
129 65
130 65
111 66
130 66
111 67
112 67
130 67
112 68
130 68
112 69
130 69
112 70
130 70
112 71
130 71
112 72
130 72
112 73
130 73
112 74
130 74
112 75
130 75
131 75
112 76
113 76
131 76
113 77
131 77
113 78
131 78
113 79
131 79
113 80
131 80
113 81
131 81
113 82
131 82
113 83
131 83
113 84
131 84
132 84
113 85
132 85
113 86
114 86
132 86
114 87
132 87
114 88
132 88
114 89
132 89
114 90
132 90
114 91
132 91
114 92
132 92
114 93
132 93
133 93
114 94
133 94
114 95
115 95
133 95
115 96
133 96
115 97
133 97
115 98
133 98
115 99
133 99
115 100
133 100
115 101
133 101
115 102
133 102
115 103
133 103
115 104
133 104
115 105
133 105
115 106
133 106
115 107
133 107
115 108
133 108
115 109
133 109
115 110
133 110
115 111
133 111
115 112
133 112
115 113
133 113
115 114
133 114
115 115
133 115
115 116
133 116
115 117
133 117
115 118
133 118
115 119
133 119
115 120
133 120
115 121
133 121
115 122
133 122
115 123
133 123
115 124
133 124
115 125
133 125
115 126
133 126
115 127
133 127
115 128
133 128
115 129
133 129
115 130
133 130
114 131
115 131
133 131
114 132
132 132
133 132
114 133
132 133
114 134
132 134
114 135
132 135
114 136
132 136
114 137
132 137
114 138
132 138
114 139
132 139
113 140
114 140
132 140
113 141
132 141
113 142
131 142
132 142
113 143
131 143
113 144
131 144
113 145
131 145
113 146
131 146
113 147
131 147
113 148
131 148
111 149
112 149
113 149
131 149
110 150
111 150
131 150
109 151
110 151
130 151
131 151
108 152
109 152
130 152
107 153
108 153
130 153
106 154
107 154
130 154
105 155
106 155
130 155
105 156
130 156
104 157
105 157
130 157
103 158
104 158
130 158
102 159
103 159
130 159
101 160
102 160
129 160
130 160
100 161
101 161
129 161
99 162
100 162
129 162
99 163
129 163
98 164
99 164
129 164
98 165
129 165
97 166
98 166
129 166
97 167
129 167
96 168
97 168
129 168
96 169
128 169
129 169
96 170
128 170
95 171
96 171
128 171
95 172
128 172
94 173
95 173
128 173
94 174
128 174
94 175
128 175
94 176
128 176
93 177
94 177
128 177
93 178
128 178
93 179
128 179
93 180
128 180
93 181
128 181
92 182
93 182
128 182
92 183
128 183
92 184
128 184
92 185
128 185
91 186
92 186
128 186
91 187
128 187
91 188
128 188
91 189
128 189
91 190
128 190
90 191
91 191
128 191
90 192
128 192
90 193
128 193
90 194
128 194
90 195
128 195
90 196
128 196
90 197
128 197
90 198
128 198
90 199
128 199
90 200
128 200
90 201
128 201
90 202
128 202
90 203
128 203
90 204
128 204
90 205
128 205
90 206
128 206
129 206
90 207
129 207
90 208
129 208
90 209
129 209
90 210
129 210
90 211
91 211
129 211
91 212
129 212
91 213
129 213
91 214
129 214
91 215
92 215
129 215
130 215
92 216
130 216
92 217
130 217
92 218
130 218
92 219
130 219
131 219
92 220
93 220
131 220
93 221
131 221
93 222
131 222
93 223
131 223
93 224
94 224
131 224
132 224
94 225
132 225
94 226
95 226
132 226
95 227
96 227
132 227
96 228
97 228
132 228
133 228
97 229
133 229
97 230
98 230
133 230
98 231
99 231
133 231
99 232
100 232
133 232
134 232
100 233
134 233
100 234
101 234
134 234
101 235
102 235
134 235
102 236
103 236
134 236
103 237
104 237
134 237
135 237
104 238
105 238
135 238
105 239
106 239
135 239
106 240
107 240
108 240
135 240
108 241
109 241
135 241
109 242
110 242
135 242
110 243
111 243
112 243
134 243
135 243
112 244
113 244
114 244
134 244
114 245
115 245
116 245
133 245
134 245
116 246
117 246
118 246
132 246
133 246
118 247
119 247
120 247
131 247
132 247
120 248
121 248
122 248
123 248
129 248
130 248
131 248
123 249
124 249
125 249
126 249
127 249
128 249
129 249
