26 17
27 17
28 17
29 17
30 17
31 17
32 17
24 18
25 18
26 18
32 18
33 18
34 18
23 19
24 19
34 19
35 19
22 20
23 20
35 20
36 20
21 21
22 21
36 21
37 21
21 22
37 22
20 23
21 23
37 23
38 23
20 24
38 24
20 25
38 25
20 26
38 26
20 27
38 27
20 28
38 28
20 29
38 29
20 30
38 30
20 31
38 31
20 32
38 32
39 32
20 33
21 33
39 33
21 34
39 34
21 35
39 35
21 36
39 36
40 36
21 37
40 37
21 38
22 38
40 38
22 39
40 39
22 40
40 40
41 40
22 41
41 41
22 42
23 42
41 42
23 43
41 43
42 43
23 44
42 44
23 45
42 45
43 45
23 46
24 46
43 46
24 47
43 47
44 47
24 48
25 48
44 48
25 49
44 49
45 49
25 50
45 50
25 51
26 51
45 51
46 51
26 52
46 52
26 53
27 53
46 53
47 53
27 54
47 54
48 54
27 55
28 55
48 55
49 55
28 56
49 56
28 57
29 57
49 57
50 57
29 58
50 58
29 59
30 59
50 59
51 59
30 60
51 60
30 61
31 61
51 61
52 61
31 62
32 62
52 62
32 63
33 63
52 63
53 63
33 64
53 64
54 64
33 65
34 65
54 65
55 65
34 66
55 66
56 66
34 67
35 67
56 67
35 68
56 68
57 68
35 69
36 69
57 69
36 70
57 70
36 71
37 71
57 71
58 71
37 72
58 72
37 73
38 73
58 73
59 73
38 74
39 74
59 74
39 75
40 75
59 75
60 75
40 76
41 76
60 76
41 77
60 77
61 77
41 78
61 78
62 78
41 79
42 79
62 79
42 80
62 80
63 80
42 81
43 81
63 81
64 81
43 82
64 82
65 82
43 83
44 83
65 83
44 84
65 84
66 84
44 85
45 85
66 85
67 85
45 86
46 86
67 86
68 86
46 87
68 87
69 87
46 88
47 88
69 88
70 88
47 89
48 89
70 89
71 89
48 90
49 90
71 90
49 91
71 91
72 91
49 92
50 92
72 92
73 92
50 93
51 93
73 93
74 93
51 94
52 94
74 94
52 95
74 95
75 95
52 96
53 96
75 96
53 97
54 97
75 97
76 97
54 98
55 98
76 98
55 99
56 99
76 99
77 99
56 100
57 100
77 100
78 100
57 101
58 101
78 101
79 101
58 102
79 102
58 103
59 103
79 103
80 103
59 104
80 104
59 105
60 105
80 105
81 105
60 106
81 106
82 106
60 107
61 107
82 107
83 107
61 108
62 108
83 108
84 108
62 109
63 109
84 109
63 110
84 110
85 110
63 111
64 111
85 111
86 111
64 112
86 112
87 112
64 113
65 113
87 113
65 114
87 114
88 114
65 115
66 115
88 115
89 115
66 116
67 116
89 116
90 116
91 116
67 117
68 117
91 117
92 117
68 118
69 118
92 118
93 118
69 119
70 119
93 119
94 119
70 120
71 120
94 120
95 120
71 121
95 121
96 121
71 122
72 122
96 122
97 122
72 123
73 123
97 123
98 123
73 124
74 124
98 124
99 124
74 125
99 125
100 125
74 126
75 126
100 126
101 126
75 127
76 127
101 127
102 127
76 128
77 128
102 128
103 128
77 129
78 129
79 129
103 129
104 129
79 130
80 130
104 130
105 130
80 131
81 131
105 131
106 131
81 132
82 132
106 132
107 132
82 133
83 133
107 133
108 133
83 134
84 134
108 134
109 134
84 135
85 135
109 135
110 135
111 135
85 136
86 136
111 136
112 136
86 137
87 137
112 137
113 137
87 138
88 138
113 138
114 138
88 139
89 139
114 139
89 140
90 140
114 140
115 140
90 141
91 141
115 141
116 141
91 142
92 142
116 142
117 142
92 143
93 143
117 143
118 143
119 143
93 144
94 144
119 144
120 144
121 144
94 145
95 145
121 145
122 145
95 146
96 146
122 146
123 146
96 147
97 147
123 147
124 147
97 148
98 148
99 148
124 148
125 148
99 149
100 149
125 149
126 149
100 150
101 150
126 150
127 150
101 151
127 151
101 152
102 152
127 152
128 152
102 153
103 153
128 153
129 153
103 154
104 154
129 154
130 154
104 155
105 155
130 155
131 155
105 156
106 156
131 156
106 157
107 157
131 157
132 157
133 157
134 157
135 157
136 157
137 157
107 158
108 158
109 158
137 158
138 158
139 158
140 158
141 158
109 159
110 159
111 159
141 159
142 159
143 159
144 159
145 159
146 159
147 159
148 159
149 159
150 159
111 160
150 160
151 160
152 160
153 160
154 160
155 160
111 161
155 161
156 161
157 161
158 161
159 161
160 161
111 162
112 162
160 162
161 162
162 162
163 162
164 162
112 163
164 163
165 163
166 163
167 163
168 163
169 163
112 164
113 164
169 164
170 164
171 164
113 165
114 165
171 165
172 165
173 165
114 166
115 166
173 166
174 166
175 166
115 167
116 167
117 167
175 167
176 167
117 168
118 168
176 168
177 168
118 169
119 169
177 169
178 169
179 169
119 170
120 170
179 170
180 170
120 171
121 171
180 171
181 171
121 172
122 172
181 172
182 172
122 173
182 173
183 173
122 174
123 174
183 174
184 174
123 175
124 175
184 175
185 175
124 176
125 176
185 176
125 177
126 177
185 177
186 177
187 177
126 178
127 178
187 178
188 178
127 179
128 179
188 179
189 179
128 180
189 180
190 180
191 180
128 181
129 181
191 181
192 181
129 182
130 182
192 182
193 182
130 183
131 183
193 183
194 183
131 184
132 184
133 184
194 184
133 185
134 185
194 185
195 185
134 186
135 186
195 186
196 186
135 187
136 187
196 187
136 188
137 188
196 188
197 188
137 189
138 189
197 189
198 189
138 190
198 190
138 191
139 191
198 191
199 191
139 192
140 192
199 192
200 192
140 193
141 193
200 193
201 193
141 194
142 194
201 194
142 195
143 195
201 195
202 195
143 196
144 196
202 196
144 197
145 197
146 197
202 197
203 197
146 198
147 198
203 198
147 199
148 199
203 199
204 199
148 200
204 200
205 200
148 201
149 201
205 201
206 201
149 202
150 202
206 202
150 203
151 203
206 203
207 203
151 204
152 204
207 204
152 205
153 205
207 205
208 205
153 206
208 206
209 206
153 207
154 207
209 207
210 207
154 208
155 208
210 208
211 208
155 209
156 209
211 209
156 210
157 210
211 210
212 210
157 211
158 211
212 211
158 212
159 212
212 212
213 212
159 213
160 213
213 213
160 214
161 214
213 214
214 214
161 215
162 215
214 215
215 215
162 216
215 216
216 216
162 217
163 217
216 217
163 218
164 218
216 218
217 218
164 219
165 219
217 219
165 220
217 220
165 221
166 221
217 221
166 222
167 222
217 222
218 222
167 223
168 223
218 223
168 224
169 224
218 224
219 224
169 225
170 225
219 225
170 226
171 226
219 226
220 226
171 227
172 227
173 227
220 227
173 228
174 228
220 228
221 228
174 229
175 229
221 229
175 230
176 230
177 230
221 230
222 230
177 231
178 231
222 231
178 232
179 232
180 232
222 232
180 233
181 233
182 233
183 233
222 233
183 234
184 234
222 234
223 234
184 235
185 235
223 235
185 236
186 236
187 236
223 236
187 237
188 237
223 237
188 238
189 238
223 238
189 239
190 239
191 239
223 239
224 239
191 240
192 240
193 240
224 240
193 241
194 241
195 241
224 241
195 242
196 242
224 242
196 243
197 243
224 243
197 244
198 244
199 244
224 244
199 245
200 245
201 245
223 245
224 245
201 246
202 246
223 246
202 247
203 247
222 247
223 247
203 248
204 248
205 248
221 248
222 248
205 249
206 249
207 249
220 249
221 249
207 250
208 250
218 250
219 250
220 250
208 251
209 251
210 251
216 251
217 251
218 251
210 252
211 252
212 252
213 252
214 252
215 252
216 252
