223 17
224 17
225 17
226 17
227 17
228 17
229 17
221 18
222 18
223 18
229 18
230 18
231 18
220 19
221 19
231 19
232 19
219 20
220 20
232 20
233 20
218 21
219 21
233 21
234 21
218 22
234 22
217 23
218 23
234 23
235 23
217 24
235 24
217 25
235 25
217 26
235 26
217 27
235 27
217 28
235 28
217 29
235 29
217 30
235 30
217 31
235 31
216 32
217 32
235 32
216 33
234 33
235 33
216 34
234 34
216 35
234 35
215 36
216 36
234 36
215 37
234 37
215 38
233 38
234 38
215 39
233 39
214 40
215 40
233 40
214 41
233 41
214 42
232 42
233 42
213 43
214 43
232 43
213 44
232 44
212 45
213 45
232 45
212 46
231 46
232 46
211 47
212 47
231 47
211 48
230 48
231 48
210 49
211 49
230 49
210 50
230 50
209 51
210 51
229 51
230 51
209 52
229 52
208 53
209 53
228 53
229 53
207 54
208 54
228 54
206 55
207 55
227 55
228 55
206 56
227 56
205 57
206 57
226 57
227 57
205 58
226 58
204 59
205 59
225 59
226 59
204 60
225 60
203 61
204 61
224 61
225 61
203 62
223 62
224 62
202 63
203 63
222 63
223 63
201 64
202 64
222 64
200 65
201 65
221 65
222 65
199 66
200 66
221 66
199 67
220 67
221 67
198 68
199 68
220 68
198 69
219 69
220 69
198 70
219 70
197 71
198 71
218 71
219 71
197 72
218 72
196 73
197 73
217 73
218 73
196 74
216 74
217 74
195 75
196 75
215 75
216 75
195 76
214 76
215 76
194 77
195 77
214 77
193 78
194 78
214 78
193 79
213 79
214 79
192 80
193 80
213 80
191 81
192 81
212 81
213 81
190 82
191 82
212 82
190 83
211 83
212 83
189 84
190 84
211 84
188 85
189 85
210 85
211 85
187 86
188 86
209 86
210 86
186 87
187 87
209 87
185 88
186 88
208 88
209 88
184 89
185 89
207 89
208 89
184 90
206 90
207 90
183 91
184 91
206 91
182 92
183 92
205 92
206 92
181 93
182 93
204 93
205 93
181 94
203 94
204 94
180 95
181 95
203 95
180 96
202 96
203 96
179 97
180 97
201 97
202 97
179 98
200 98
201 98
178 99
179 99
199 99
200 99
177 100
178 100
198 100
199 100
176 101
177 101
197 101
198 101
176 102
197 102
175 103
176 103
196 103
197 103
175 104
196 104
174 105
175 105
195 105
196 105
173 106
174 106
195 106
172 107
173 107
194 107
195 107
171 108
172 108
193 108
194 108
171 109
192 109
193 109
170 110
171 110
192 110
169 111
170 111
191 111
192 111
168 112
169 112
191 112
168 113
190 113
191 113
167 114
168 114
190 114
166 115
167 115
189 115
190 115
164 116
165 116
166 116
188 116
189 116
163 117
164 117
187 117
188 117
162 118
163 118
186 118
187 118
161 119
162 119
185 119
186 119
160 120
161 120
184 120
185 120
159 121
160 121
184 121
158 122
159 122
183 122
184 122
157 123
158 123
182 123
183 123
156 124
157 124
181 124
182 124
155 125
156 125
181 125
154 126
155 126
180 126
181 126
153 127
154 127
179 127
180 127
152 128
153 128
178 128
179 128
151 129
152 129
176 129
177 129
178 129
150 130
151 130
175 130
176 130
149 131
150 131
174 131
175 131
148 132
149 132
173 132
174 132
147 133
148 133
172 133
173 133
146 134
147 134
171 134
172 134
144 135
145 135
146 135
170 135
171 135
143 136
144 136
169 136
170 136
142 137
143 137
168 137
169 137
141 138
142 138
167 138
168 138
141 139
166 139
167 139
140 140
141 140
165 140
166 140
139 141
140 141
164 141
165 141
138 142
139 142
163 142
164 142
136 143
137 143
138 143
162 143
163 143
134 144
135 144
136 144
161 144
162 144
133 145
134 145
160 145
161 145
132 146
133 146
159 146
160 146
131 147
132 147
158 147
159 147
130 148
131 148
156 148
157 148
158 148
129 149
130 149
155 149
156 149
128 150
129 150
154 150
155 150
128 151
154 151
127 152
128 152
153 152
154 152
126 153
127 153
152 153
153 153
125 154
126 154
151 154
152 154
124 155
125 155
150 155
151 155
124 156
149 156
150 156
118 157
119 157
120 157
121 157
122 157
123 157
124 157
148 157
149 157
114 158
115 158
116 158
117 158
118 158
146 158
147 158
148 158
105 159
106 159
107 159
108 159
109 159
110 159
111 159
112 159
113 159
114 159
144 159
145 159
146 159
100 160
101 160
102 160
103 160
104 160
105 160
144 160
95 161
96 161
97 161
98 161
99 161
100 161
144 161
91 162
92 162
93 162
94 162
95 162
143 162
144 162
86 163
87 163
88 163
89 163
90 163
91 163
143 163
84 164
85 164
86 164
142 164
143 164
82 165
83 165
84 165
141 165
142 165
80 166
81 166
82 166
140 166
141 166
79 167
80 167
138 167
139 167
140 167
78 168
79 168
137 168
138 168
76 169
77 169
78 169
136 169
137 169
75 170
76 170
135 170
136 170
74 171
75 171
134 171
135 171
73 172
74 172
133 172
134 172
72 173
73 173
133 173
71 174
72 174
132 174
133 174
70 175
71 175
131 175
132 175
70 176
130 176
131 176
68 177
69 177
70 177
129 177
130 177
67 178
68 178
128 178
129 178
66 179
67 179
127 179
128 179
64 180
65 180
66 180
127 180
63 181
64 181
126 181
127 181
62 182
63 182
125 182
126 182
61 183
62 183
124 183
125 183
61 184
122 184
123 184
124 184
60 185
61 185
121 185
122 185
59 186
60 186
120 186
121 186
59 187
119 187
120 187
58 188
59 188
118 188
119 188
57 189
58 189
117 189
118 189
57 190
117 190
56 191
57 191
116 191
117 191
55 192
56 192
115 192
116 192
54 193
55 193
114 193
115 193
54 194
113 194
114 194
53 195
54 195
112 195
113 195
53 196
111 196
112 196
52 197
53 197
109 197
110 197
111 197
52 198
108 198
109 198
51 199
52 199
107 199
108 199
50 200
51 200
107 200
49 201
50 201
106 201
107 201
49 202
105 202
106 202
48 203
49 203
104 203
105 203
48 204
103 204
104 204
47 205
48 205
102 205
103 205
46 206
47 206
102 206
45 207
46 207
101 207
102 207
44 208
45 208
100 208
101 208
44 209
99 209
100 209
43 210
44 210
98 210
99 210
43 211
97 211
98 211
42 212
43 212
96 212
97 212
42 213
95 213
96 213
41 214
42 214
94 214
95 214
40 215
41 215
93 215
94 215
39 216
40 216
93 216
39 217
92 217
93 217
38 218
39 218
91 218
92 218
38 219
90 219
91 219
38 220
90 220
38 221
89 221
90 221
37 222
38 222
88 222
89 222
37 223
87 223
88 223
36 224
37 224
86 224
87 224
36 225
85 225
86 225
35 226
36 226
84 226
85 226
35 227
82 227
83 227
84 227
34 228
35 228
81 228
82 228
34 229
80 229
81 229
33 230
34 230
78 230
79 230
80 230
33 231
77 231
78 231
33 232
75 232
76 232
77 232
33 233
72 233
73 233
74 233
75 233
32 234
33 234
71 234
72 234
32 235
70 235
71 235
32 236
68 236
69 236
70 236
32 237
67 237
68 237
32 238
66 238
67 238
31 239
32 239
64 239
65 239
66 239
31 240
62 240
63 240
64 240
31 241
60 241
61 241
62 241
31 242
59 242
60 242
31 243
58 243
59 243
31 244
56 244
57 244
58 244
31 245
32 245
54 245
55 245
56 245
32 246
53 246
54 246
32 247
33 247
52 247
53 247
33 248
34 248
50 248
51 248
52 248
34 249
35 249
48 249
49 249
50 249
35 250
36 250
37 250
47 250
48 250
37 251
38 251
39 251
45 251
46 251
47 251
39 252
40 252
41 252
42 252
43 252
44 252
45 252
