23 20
24 20
25 20
26 20
27 20
28 20
29 20
30 20
31 20
32 20
33 20
21 21
22 21
23 21
33 21
34 21
35 21
36 21
37 21
38 21
20 22
21 22
38 22
39 22
40 22
41 22
42 22
19 23
20 23
42 23
43 23
44 23
45 23
46 23
18 24
19 24
46 24
47 24
48 24
18 25
48 25
49 25
50 25
51 25
17 26
18 26
51 26
52 26
53 26
17 27
53 27
54 27
55 27
17 28
55 28
56 28
57 28
17 29
57 29
58 29
59 29
17 30
59 30
60 30
61 30
17 31
61 31
62 31
17 32
18 32
62 32
63 32
18 33
63 33
64 33
65 33
18 34
19 34
65 34
66 34
67 34
19 35
20 35
67 35
68 35
69 35
20 36
21 36
69 36
70 36
71 36
21 37
22 37
23 37
71 37
72 37
73 37
23 38
24 38
25 38
26 38
27 38
28 38
29 38
30 38
31 38
32 38
73 38
74 38
32 39
33 39
34 39
35 39
36 39
74 39
75 39
36 40
37 40
38 40
39 40
40 40
75 40
76 40
40 41
41 41
42 41
43 41
76 41
77 41
78 41
79 41
43 42
44 42
45 42
79 42
80 42
81 42
45 43
46 43
47 43
81 43
82 43
83 43
47 44
48 44
49 44
83 44
84 44
85 44
49 45
50 45
51 45
85 45
86 45
51 46
52 46
53 46
86 46
87 46
88 46
53 47
54 47
88 47
89 47
54 48
55 48
89 48
90 48
55 49
56 49
57 49
90 49
91 49
92 49
57 50
58 50
59 50
92 50
93 50
59 51
60 51
61 51
93 51
94 51
61 52
62 52
63 52
94 52
95 52
96 52
63 53
64 53
96 53
97 53
64 54
65 54
97 54
98 54
65 55
66 55
98 55
99 55
66 56
67 56
68 56
99 56
100 56
68 57
69 57
70 57
71 57
100 57
101 57
71 58
72 58
73 58
101 58
102 58
103 58
73 59
74 59
75 59
103 59
104 59
105 59
75 60
76 60
77 60
105 60
106 60
107 60
77 61
78 61
107 61
108 61
78 62
79 62
80 62
108 62
109 62
80 63
81 63
109 63
110 63
111 63
81 64
82 64
111 64
112 64
113 64
82 65
83 65
84 65
113 65
114 65
115 65
84 66
85 66
115 66
116 66
85 67
86 67
116 67
117 67
86 68
87 68
117 68
118 68
87 69
88 69
118 69
119 69
88 70
89 70
119 70
120 70
89 71
90 71
91 71
120 71
121 71
122 71
91 72
92 72
122 72
123 72
92 73
93 73
123 73
124 73
93 74
94 74
95 74
124 74
125 74
126 74
95 75
96 75
97 75
126 75
127 75
97 76
98 76
99 76
127 76
128 76
99 77
100 77
128 77
129 77
100 78
101 78
129 78
101 79
102 79
103 79
129 79
130 79
103 80
104 80
105 80
130 80
131 80
105 81
106 81
131 81
132 81
106 82
107 82
132 82
133 82
107 83
108 83
133 83
134 83
108 84
109 84
110 84
134 84
135 84
110 85
111 85
135 85
136 85
111 86
112 86
136 86
137 86
112 87
113 87
114 87
137 87
138 87
114 88
115 88
138 88
139 88
115 89
116 89
139 89
140 89
116 90
140 90
141 90
116 91
117 91
141 91
142 91
117 92
118 92
142 92
143 92
118 93
119 93
143 93
144 93
119 94
120 94
144 94
145 94
120 95
121 95
145 95
146 95
121 96
122 96
146 96
147 96
122 97
123 97
147 97
148 97
123 98
124 98
148 98
124 99
125 99
148 99
149 99
125 100
126 100
149 100
150 100
126 101
127 101
150 101
151 101
152 101
127 102
128 102
152 102
153 102
128 103
129 103
153 103
154 103
129 104
130 104
154 104
155 104
130 105
131 105
155 105
156 105
131 106
132 106
156 106
157 106
132 107
133 107
157 107
158 107
133 108
134 108
158 108
134 109
135 109
158 109
159 109
135 110
159 110
135 111
136 111
159 111
160 111
161 111
162 111
136 112
137 112
162 112
163 112
164 112
137 113
138 113
164 113
165 113
138 114
139 114
140 114
165 114
166 114
140 115
141 115
166 115
167 115
141 116
142 116
167 116
142 117
143 117
167 117
168 117
143 118
168 118
169 118
143 119
144 119
169 119
170 119
144 120
170 120
171 120
144 121
145 121
171 121
172 121
145 122
146 122
172 122
173 122
174 122
146 123
147 123
174 123
175 123
147 124
148 124
175 124
176 124
148 125
149 125
176 125
177 125
149 126
150 126
177 126
178 126
150 127
151 127
152 127
178 127
179 127
152 128
153 128
179 128
180 128
181 128
153 129
154 129
181 129
182 129
154 130
155 130
182 130
183 130
155 131
156 131
157 131
183 131
184 131
157 132
184 132
157 133
184 133
185 133
157 134
185 134
186 134
157 135
186 135
187 135
157 136
187 136
188 136
157 137
158 137
188 137
189 137
158 138
189 138
190 138
191 138
158 139
191 139
192 139
158 140
192 140
193 140
158 141
159 141
193 141
194 141
159 142
194 142
195 142
159 143
195 143
196 143
159 144
196 144
197 144
159 145
197 145
159 146
197 146
198 146
159 147
198 147
199 147
159 148
199 148
200 148
201 148
159 149
201 149
202 149
159 150
160 150
202 150
203 150
160 151
203 151
204 151
160 152
204 152
205 152
160 153
205 153
206 153
207 153
160 154
207 154
208 154
160 155
161 155
208 155
209 155
161 156
209 156
210 156
161 157
210 157
211 157
161 158
211 158
212 158
161 159
212 159
213 159
161 160
162 160
213 160
214 160
162 161
214 161
215 161
162 162
215 162
216 162
217 162
162 163
217 163
218 163
162 164
163 164
218 164
219 164
163 165
219 165
220 165
221 165
163 166
221 166
222 166
163 167
222 167
223 167
163 168
223 168
224 168
163 169
164 169
224 169
225 169
164 170
225 170
226 170
164 171
165 171
226 171
227 171
165 172
227 172
165 173
166 173
227 173
228 173
166 174
228 174
229 174
166 175
167 175
229 175
230 175
167 176
168 176
230 176
168 177
169 177
230 177
231 177
169 178
231 178
232 178
169 179
170 179
232 179
170 180
171 180
232 180
233 180
171 181
172 181
233 181
172 182
173 182
233 182
173 183
174 183
233 183
234 183
174 184
175 184
234 184
235 184
175 185
176 185
177 185
235 185
236 185
177 186
236 186
177 187
178 187
236 187
237 187
178 188
179 188
237 188
238 188
179 189
180 189
238 189
239 189
180 190
239 190
180 191
181 191
239 191
240 191
181 192
182 192
240 192
182 193
183 193
240 193
241 193
183 194
184 194
185 194
241 194
185 195
186 195
241 195
242 195
186 196
187 196
188 196
242 196
243 196
188 197
189 197
243 197
244 197
189 198
190 198
191 198
244 198
191 199
192 199
244 199
245 199
192 200
193 200
245 200
193 201
194 201
195 201
245 201
246 201
195 202
196 202
197 202
246 202
247 202
197 203
198 203
199 203
247 203
248 203
199 204
200 204
248 204
200 205
201 205
248 205
249 205
201 206
202 206
203 206
249 206
203 207
204 207
205 207
249 207
250 207
205 208
206 208
250 208
251 208
206 209
207 209
251 209
207 210
208 210
251 210
252 210
208 211
209 211
210 211
252 211
210 212
211 212
212 212
252 212
212 213
213 213
214 213
252 213
214 214
215 214
252 214
215 215
216 215
252 215
216 216
217 216
218 216
251 216
252 216
218 217
219 217
220 217
221 217
222 217
251 217
222 218
223 218
224 218
250 218
251 218
224 219
225 219
226 219
250 219
226 220
227 220
228 220
249 220
250 220
228 221
229 221
230 221
248 221
249 221
230 222
231 222
232 222
233 222
234 222
247 222
248 222
234 223
235 223
236 223
237 223
238 223
239 223
245 223
246 223
247 223
239 224
240 224
241 224
242 224
243 224
244 224
245 224
