436 22
440 22
441 22
442 22
443 22
444 22
433 23
434 23
435 23
436 23
445 23
446 23
447 23
431 24
432 24
447 24
448 24
427 25
429 25
430 25
431 25
448 25
449 25
423 26
424 26
425 26
426 26
427 26
450 26
422 27
450 27
451 27
421 28
451 28
452 28
414 29
415 29
416 29
418 29
419 29
421 29
452 29
411 30
412 30
414 30
416 30
417 30
418 30
452 30
453 30
408 31
409 31
410 31
411 31
406 32
407 32
408 32
453 32
454 32
406 33
403 34
404 34
405 34
455 34
388 35
389 35
390 35
391 35
392 35
393 35
394 35
395 35
396 35
397 35
398 35
399 35
400 35
401 35
402 35
403 35
455 35
386 36
388 36
456 36
384 37
385 37
456 37
457 37
383 38
384 38
457 38
382 39
383 39
457 39
458 39
380 40
382 40
376 41
377 41
378 41
379 41
380 41
458 41
372 42
374 42
375 42
458 42
368 43
369 43
371 43
372 43
458 43
459 43
365 44
366 44
367 44
368 44
459 44
360 45
361 45
362 45
363 45
364 45
357 46
359 46
360 46
458 46
352 47
353 47
354 47
357 47
458 47
348 48
349 48
350 48
351 48
458 48
345 49
346 49
347 49
348 49
458 49
341 50
342 50
343 50
458 50
337 51
338 51
341 51
333 52
334 52
335 52
336 52
458 52
329 53
330 53
331 53
332 53
333 53
458 53
254 54
255 54
256 54
258 54
259 54
260 54
261 54
262 54
263 54
264 54
265 54
266 54
267 54
268 54
269 54
270 54
326 54
328 54
458 54
251 55
253 55
254 55
270 55
271 55
272 55
273 55
323 55
324 55
325 55
457 55
458 55
249 56
250 56
251 56
273 56
275 56
276 56
283 56
319 56
321 56
322 56
323 56
457 56
247 57
248 57
249 57
276 57
278 57
280 57
282 57
283 57
284 57
286 57
316 57
317 57
318 57
457 57
245 58
246 58
247 58
286 58
287 58
288 58
313 58
315 58
316 58
456 58
457 58
243 59
244 59
245 59
288 59
289 59
308 59
309 59
310 59
456 59
241 60
242 60
243 60
289 60
290 60
306 60
307 60
308 60
455 60
456 60
241 61
290 61
291 61
303 61
304 61
305 61
454 61
455 61
241 62
292 62
300 62
301 62
303 62
453 62
454 62
238 63
240 63
293 63
294 63
295 63
297 63
299 63
300 63
452 63
453 63
237 64
238 64
451 64
452 64
236 65
448 65
449 65
450 65
451 65
236 66
444 66
445 66
446 66
447 66
448 66
234 67
235 67
425 67
426 67
427 67
428 67
429 67
430 67
431 67
440 67
443 67
444 67
234 68
424 68
425 68
432 68
434 68
435 68
437 68
438 68
440 68
233 69
423 69
424 69
433 69
434 69
231 70
421 70
422 70
423 70
230 71
231 71
410 71
411 71
412 71
413 71
419 71
420 71
421 71
228 72
229 72
407 72
408 72
413 72
414 72
417 72
418 72
226 73
227 73
404 73
406 73
407 73
225 74
226 74
403 74
404 74
224 75
225 75
402 75
403 75
224 76
401 76
402 76
222 77
223 77
400 77
401 77
222 78
398 78
399 78
400 78
221 79
222 79
384 79
385 79
387 79
388 79
390 79
392 79
393 79
394 79
395 79
396 79
397 79
398 79
221 80
380 80
382 80
378 81
379 81
221 82
375 82
377 82
220 83
371 83
372 83
373 83
374 83
375 83
219 84
220 84
367 84
368 84
369 84
370 84
219 85
365 85
366 85
215 86
216 86
361 86
364 86
365 86
209 87
210 87
211 87
213 87
214 87
215 87
359 87
360 87
206 88
207 88
208 88
209 88
355 88
356 88
357 88
358 88
201 89
202 89
204 89
206 89
351 89
352 89
354 89
355 89
197 90
198 90
199 90
201 90
348 90
349 90
350 90
351 90
193 91
194 91
195 91
196 91
345 91
347 91
348 91
189 92
190 92
191 92
342 92
344 92
185 93
186 93
187 93
188 93
189 93
337 93
338 93
339 93
341 93
180 94
181 94
182 94
183 94
184 94
185 94
334 94
335 94
336 94
337 94
177 95
178 95
179 95
180 95
331 95
332 95
333 95
334 95
173 96
174 96
175 96
176 96
177 96
329 96
330 96
169 97
171 97
172 97
173 97
326 97
327 97
328 97
167 98
169 98
320 98
321 98
322 98
323 98
324 98
163 99
164 99
165 99
166 99
316 99
318 99
319 99
320 99
159 100
160 100
163 100
312 100
313 100
156 101
157 101
158 101
159 101
308 101
309 101
310 101
311 101
153 102
156 102
308 102
150 103
151 103
152 103
306 103
146 104
147 104
148 104
150 104
304 104
305 104
143 105
144 105
146 105
304 105
141 106
142 106
143 106
303 106
137 107
138 107
139 107
140 107
303 107
134 108
135 108
137 108
303 108
131 109
132 109
134 109
303 109
128 110
129 110
130 110
303 110
124 111
126 111
127 111
128 111
302 111
303 111
122 112
123 112
302 112
118 113
119 113
120 113
121 113
301 113
302 113
114 114
117 114
118 114
300 114
301 114
112 115
113 115
114 115
299 115
300 115
108 116
109 116
110 116
111 116
112 116
296 116
297 116
298 116
299 116
103 117
104 117
105 117
106 117
107 117
108 117
292 117
294 117
295 117
296 117
101 118
102 118
292 118
98 119
100 119
101 119
290 119
291 119
94 120
95 120
96 120
97 120
289 120
290 120
91 121
92 121
288 121
88 122
89 122
91 122
287 122
288 122
85 123
86 123
286 123
287 123
81 124
82 124
83 124
84 124
285 124
286 124
79 125
80 125
81 125
222 125
223 125
224 125
225 125
226 125
227 125
229 125
230 125
284 125
77 126
79 126
218 126
219 126
222 126
230 126
283 126
284 126
73 127
74 127
75 127
76 127
215 127
216 127
217 127
282 127
210 128
211 128
212 128
213 128
214 128
215 128
230 128
231 128
282 128
70 129
71 129
207 129
209 129
210 129
232 129
281 129
282 129
66 130
67 130
68 130
201 130
203 130
204 130
205 130
206 130
232 130
233 130
279 130
63 131
64 131
65 131
66 131
197 131
198 131
199 131
200 131
201 131
233 131
234 131
235 131
276 131
277 131
278 131
61 132
62 132
63 132
193 132
194 132
196 132
197 132
235 132
236 132
237 132
239 132
241 132
242 132
244 132
245 132
246 132
247 132
248 132
249 132
275 132
58 133
59 133
60 133
188 133
189 133
190 133
193 133
238 133
239 133
249 133
250 133
251 133
252 133
274 133
275 133
55 134
57 134
58 134
185 134
186 134
187 134
188 134
252 134
253 134
254 134
255 134
257 134
258 134
53 135
54 135
55 135
182 135
183 135
184 135
185 135
259 135
260 135
261 135
262 135
263 135
264 135
265 135
266 135
267 135
273 135
50 136
51 136
52 136
53 136
176 136
177 136
180 136
181 136
272 136
273 136
49 137
173 137
175 137
176 137
270 137
272 137
45 138
46 138
48 138
169 138
170 138
171 138
172 138
173 138
43 139
44 139
45 139
165 139
166 139
168 139
169 139
40 140
41 140
42 140
43 140
162 140
164 140
165 140
38 141
39 141
40 141
157 141
158 141
159 141
160 141
161 141
162 141
36 142
37 142
38 142
153 142
154 142
156 142
34 143
35 143
150 143
151 143
152 143
153 143
31 144
32 144
146 144
147 144
148 144
149 144
150 144
28 145
29 145
30 145
146 145
27 146
28 146
140 146
141 146
142 146
143 146
25 147
26 147
27 147
136 147
137 147
138 147
139 147
140 147
24 148
25 148
132 148
133 148
134 148
136 148
23 149
24 149
131 149
132 149
22 150
126 150
128 150
129 150
130 150
21 151
22 151
122 151
123 151
124 151
125 151
126 151
20 152
21 152
118 152
119 152
120 152
121 152
122 152
20 153
115 153
116 153
117 153
118 153
20 154
113 154
114 154
115 154
19 155
108 155
110 155
111 155
19 156
106 156
108 156
102 157
103 157
97 158
98 158
99 158
100 158
101 158
17 159
18 159
93 159
94 159
95 159
96 159
97 159
89 160
91 160
93 160
17 161
89 161
17 162
84 162
85 162
86 162
87 162
88 162
17 163
83 163
84 163
17 164
79 164
81 164
82 164
17 165
75 165
76 165
78 165
79 165
17 166
72 166
73 166
74 166
17 167
68 167
17 168
18 168
65 168
67 168
68 168
18 169
63 169
64 169
65 169
18 170
58 170
59 170
60 170
61 170
62 170
18 171
56 171
57 171
18 172
19 172
52 172
53 172
54 172
55 172
56 172
49 173
50 173
51 173
19 174
20 174
47 174
48 174
49 174
20 175
44 175
45 175
46 175
47 175
21 176
22 176
41 176
42 176
43 176
44 176
22 177
23 177
39 177
41 177
23 178
24 178
35 178
36 178
37 178
24 179
25 179
26 179
34 179
35 179
26 180
27 180
28 180
29 180
30 180
31 180
32 180
