280 25
281 25
282 25
283 25
284 25
287 25
288 25
289 25
290 25
291 25
292 25
293 25
294 25
295 25
296 25
297 25
298 25
299 25
273 26
274 26
275 26
276 26
277 26
278 26
279 26
300 26
302 26
303 26
267 27
268 27
269 27
270 27
271 27
272 27
273 27
304 27
305 27
306 27
258 28
261 28
262 28
263 28
264 28
265 28
266 28
307 28
309 28
256 29
257 29
258 29
259 29
260 29
261 29
309 29
310 29
311 29
312 29
313 29
254 30
255 30
256 30
313 30
314 30
315 30
316 30
253 31
254 31
316 31
317 31
318 31
252 32
253 32
319 32
320 32
248 33
250 33
320 33
321 33
322 33
247 34
248 34
322 34
323 34
324 34
245 35
247 35
324 35
325 35
244 36
245 36
325 36
326 36
327 36
328 36
242 37
243 37
244 37
328 37
329 37
330 37
241 38
242 38
330 38
331 38
332 38
240 39
241 39
332 39
333 39
334 39
239 40
334 40
335 40
336 40
239 41
336 41
337 41
338 41
339 41
237 42
238 42
339 42
340 42
237 43
340 43
341 43
342 43
343 43
235 44
236 44
343 44
344 44
345 44
399 44
233 45
234 45
235 45
345 45
346 45
347 45
348 45
389 45
390 45
391 45
392 45
393 45
394 45
395 45
396 45
397 45
400 45
401 45
402 45
403 45
404 45
405 45
406 45
229 46
230 46
232 46
233 46
348 46
349 46
350 46
381 46
382 46
384 46
385 46
387 46
388 46
406 46
407 46
408 46
409 46
412 46
223 47
224 47
225 47
226 47
227 47
228 47
229 47
350 47
351 47
352 47
353 47
354 47
377 47
378 47
379 47
380 47
381 47
412 47
416 47
417 47
418 47
419 47
420 47
421 47
423 47
424 47
425 47
426 47
428 47
429 47
430 47
431 47
432 47
433 47
434 47
435 47
436 47
437 47
438 47
440 47
220 48
221 48
222 48
223 48
354 48
355 48
356 48
358 48
359 48
360 48
361 48
374 48
375 48
376 48
377 48
440 48
441 48
442 48
443 48
444 48
218 49
219 49
220 49
362 49
363 49
364 49
365 49
366 49
367 49
368 49
369 49
370 49
371 49
372 49
373 49
374 49
444 49
445 49
446 49
447 49
215 50
216 50
217 50
218 50
447 50
448 50
449 50
450 50
451 50
128 51
146 51
147 51
148 51
149 51
150 51
151 51
152 51
212 51
213 51
214 51
215 51
451 51
452 51
453 51
121 52
122 52
123 52
124 52
125 52
126 52
127 52
130 52
131 52
132 52
134 52
135 52
137 52
138 52
139 52
140 52
141 52
142 52
143 52
144 52
145 52
146 52
152 52
153 52
154 52
155 52
156 52
207 52
208 52
209 52
210 52
211 52
212 52
454 52
455 52
456 52
57 53
58 53
59 53
60 53
61 53
62 53
63 53
64 53
65 53
66 53
68 53
69 53
70 53
71 53
72 53
73 53
74 53
75 53
76 53
77 53
78 53
79 53
80 53
83 53
84 53
86 53
87 53
88 53
113 53
114 53
115 53
116 53
117 53
118 53
119 53
120 53
121 53
156 53
157 53
204 53
207 53
456 53
55 54
56 54
57 54
88 54
89 54
90 54
91 54
92 54
93 54
94 54
105 54
107 54
108 54
109 54
110 54
111 54
112 54
113 54
157 54
158 54
159 54
202 54
203 54
204 54
456 54
53 55
54 55
55 55
94 55
95 55
96 55
98 55
100 55
101 55
102 55
104 55
105 55
160 55
198 55
200 55
201 55
456 55
457 55
51 56
52 56
53 56
161 56
162 56
193 56
195 56
196 56
197 56
198 56
457 56
48 57
50 57
51 57
162 57
163 57
164 57
166 57
167 57
168 57
170 57
171 57
190 57
191 57
192 57
193 57
194 57
457 57
46 58
47 58
172 58
173 58
174 58
175 58
176 58
178 58
179 58
187 58
188 58
189 58
190 58
457 58
46 59
179 59
180 59
181 59
182 59
183 59
184 59
185 59
186 59
187 59
457 59
45 60
46 60
457 60
44 61
45 61
457 61
458 61
44 62
458 62
43 63
44 63
458 63
43 64
42 65
43 65
458 65
42 66
458 66
459 66
459 67
42 68
459 68
459 69
42 70
459 70
42 71
459 71
460 71
42 72
460 72
42 73
460 73
41 74
42 74
460 74
40 75
41 75
460 75
39 76
40 76
460 76
39 77
460 77
38 78
39 78
460 78
38 79
460 79
38 80
460 80
38 81
460 81
38 82
460 82
38 83
460 83
38 84
38 85
460 85
38 86
460 86
38 87
460 87
38 88
460 88
460 89
460 90
38 91
460 91
460 92
38 93
460 93
39 94
460 94
39 95
40 95
460 95
41 96
460 96
41 97
42 97
460 97
42 98
460 98
42 99
43 99
43 100
44 100
458 100
459 100
44 101
457 101
44 102
45 102
456 102
457 102
45 103
454 103
455 103
46 104
47 104
48 104
49 104
183 104
184 104
185 104
186 104
187 104
188 104
189 104
191 104
192 104
193 104
194 104
195 104
196 104
197 104
198 104
199 104
200 104
451 104
452 104
453 104
454 104
47 105
49 105
50 105
90 105
91 105
92 105
93 105
94 105
95 105
96 105
182 105
183 105
195 105
200 105
201 105
202 105
203 105
204 105
205 105
448 105
449 105
450 105
451 105
51 106
52 106
53 106
54 106
88 106
89 106
90 106
96 106
97 106
98 106
179 106
180 106
181 106
182 106
205 106
206 106
207 106
208 106
209 106
210 106
211 106
212 106
213 106
214 106
215 106
216 106
217 106
220 106
222 106
223 106
224 106
409 106
410 106
411 106
412 106
413 106
414 106
415 106
416 106
417 106
418 106
419 106
420 106
421 106
422 106
424 106
425 106
426 106
427 106
428 106
429 106
430 106
431 106
432 106
433 106
434 106
435 106
436 106
437 106
438 106
439 106
441 106
442 106
443 106
444 106
445 106
446 106
447 106
448 106
55 107
57 107
85 107
86 107
87 107
88 107
98 107
99 107
100 107
149 107
150 107
151 107
152 107
153 107
155 107
156 107
157 107
158 107
159 107
160 107
161 107
162 107
163 107
164 107
166 107
167 107
168 107
169 107
170 107
171 107
172 107
173 107
174 107
175 107
176 107
177 107
178 107
225 107
226 107
227 107
402 107
403 107
404 107
405 107
406 107
407 107
408 107
57 108
58 108
59 108
60 108
63 108
64 108
66 108
67 108
69 108
70 108
71 108
72 108
73 108
74 108
75 108
76 108
77 108
79 108
80 108
81 108
82 108
83 108
84 108
85 108
100 108
101 108
103 108
105 108
106 108
107 108
108 108
109 108
110 108
111 108
112 108
113 108
114 108
115 108
116 108
117 108
118 108
119 108
120 108
121 108
122 108
123 108
124 108
125 108
126 108
139 108
140 108
142 108
143 108
144 108
145 108
146 108
147 108
148 108
149 108
228 108
229 108
230 108
375 108
376 108
377 108
378 108
379 108
380 108
381 108
382 108
383 108
384 108
385 108
386 108
389 108
390 108
391 108
392 108
393 108
394 108
395 108
396 108
397 108
398 108
399 108
400 108
402 108
83 109
102 109
105 109
122 109
127 109
130 109
131 109
134 109
135 109
136 109
137 109
138 109
139 109
230 109
231 109
232 109
371 109
372 109
373 109
374 109
375 109
395 109
131 110
132 110
134 110
232 110
234 110
235 110
369 110
235 111
236 111
237 111
366 111
367 111
368 111
369 111
237 112
238 112
239 112
240 112
360 112
361 112
362 112
363 112
364 112
365 112
366 112
240 113
241 113
242 113
243 113
356 113
357 113
358 113
359 113
360 113
243 114
244 114
245 114
352 114
353 114
354 114
355 114
356 114
245 115
246 115
349 115
350 115
351 115
246 116
247 116
248 116
345 116
346 116
347 116
348 116
349 116
343 117
344 117
345 117
248 118
249 118
341 118
342 118
343 118
249 119
250 119
339 119
340 119
341 119
251 120
252 120
338 120
339 120
253 121
336 121
337 121
338 121
253 122
254 122
335 122
336 122
254 123
255 123
333 123
334 123
335 123
255 124
257 124
331 124
332 124
333 124
257 125
330 125
331 125
258 126
259 126
260 126
261 126
328 126
329 126
330 126
261 127
262 127
263 127
326 127
263 128
264 128
265 128
321 128
322 128
323 128
324 128
325 128
326 128
265 129
266 129
267 129
268 129
316 129
317 129
318 129
319 129
320 129
268 130
269 130
270 130
271 130
272 130
307 130
308 130
310 130
311 130
313 130
315 130
316 130
272 131
273 131
274 131
275 131
303 131
304 131
305 131
306 131
307 131
276 132
277 132
278 132
279 132
280 132
298 132
299 132
300 132
301 132
302 132
303 132
280 133
281 133
282 133
283 133
293 133
294 133
295 133
296 133
297 133
298 133
283 134
284 134
285 134
286 134
287 134
288 134
289 134
290 134
291 134
292 134
293 134
