127 64
128 64
129 64
109 65
110 65
111 65
112 65
113 65
114 65
115 65
116 65
117 65
118 65
119 65
120 65
122 65
123 65
124 65
125 65
126 65
127 65
129 65
130 65
131 65
132 65
133 65
134 65
96 66
97 66
98 66
99 66
101 66
103 66
104 66
105 66
106 66
107 66
108 66
109 66
134 66
135 66
136 66
250 66
252 66
253 66
254 66
255 66
256 66
258 66
260 66
86 67
87 67
89 67
90 67
91 67
92 67
93 67
94 67
96 67
136 67
137 67
138 67
223 67
224 67
225 67
226 67
227 67
228 67
229 67
230 67
231 67
232 67
234 67
236 67
237 67
238 67
239 67
241 67
242 67
243 67
244 67
245 67
247 67
248 67
250 67
260 67
261 67
263 67
264 67
265 67
266 67
78 68
79 68
80 68
82 68
84 68
85 68
86 68
139 68
140 68
141 68
218 68
219 68
220 68
221 68
222 68
223 68
266 68
267 68
268 68
269 68
270 68
271 68
272 68
273 68
441 68
442 68
443 68
444 68
453 68
454 68
455 68
457 68
458 68
459 68
460 68
71 69
72 69
73 69
74 69
75 69
76 69
78 69
141 69
142 69
143 69
215 69
216 69
218 69
274 69
275 69
276 69
277 69
278 69
279 69
281 69
282 69
283 69
284 69
285 69
286 69
436 69
437 69
438 69
439 69
440 69
441 69
444 69
445 69
446 69
447 69
448 69
449 69
450 69
451 69
452 69
453 69
461 69
462 69
70 70
71 70
143 70
144 70
211 70
212 70
213 70
214 70
286 70
287 70
288 70
289 70
290 70
291 70
292 70
293 70
294 70
433 70
434 70
435 70
463 70
464 70
465 70
466 70
467 70
468 70
67 71
68 71
69 71
144 71
145 71
208 71
209 71
210 71
211 71
294 71
295 71
429 71
430 71
431 71
432 71
433 71
468 71
469 71
65 72
66 72
67 72
146 72
204 72
205 72
206 72
207 72
298 72
425 72
426 72
427 72
470 72
472 72
473 72
474 72
479 72
480 72
481 72
482 72
63 73
64 73
65 73
149 73
202 73
203 73
204 73
298 73
299 73
419 73
420 73
421 73
422 73
423 73
424 73
425 73
474 73
475 73
476 73
477 73
482 73
483 73
484 73
485 73
486 73
487 73
58 74
59 74
60 74
61 74
62 74
151 74
201 74
202 74
299 74
416 74
417 74
418 74
419 74
487 74
488 74
489 74
55 75
57 75
58 75
151 75
153 75
200 75
201 75
300 75
301 75
410 75
411 75
412 75
413 75
414 75
489 75
44 76
45 76
46 76
47 76
48 76
49 76
50 76
51 76
52 76
53 76
54 76
55 76
153 76
154 76
198 76
199 76
200 76
301 76
302 76
405 76
406 76
407 76
408 76
409 76
410 76
489 76
42 77
43 77
44 77
156 77
157 77
158 77
160 77
161 77
197 77
198 77
303 77
304 77
402 77
403 77
404 77
405 77
490 77
41 78
42 78
161 78
162 78
163 78
165 78
166 78
196 78
197 78
398 78
399 78
400 78
402 78
490 78
491 78
40 79
166 79
167 79
168 79
169 79
170 79
171 79
172 79
173 79
174 79
175 79
176 79
177 79
178 79
179 79
180 79
194 79
195 79
196 79
306 79
307 79
308 79
389 79
390 79
391 79
393 79
394 79
395 79
396 79
397 79
398 79
491 79
492 79
40 80
180 80
181 80
182 80
183 80
185 80
186 80
187 80
188 80
189 80
190 80
191 80
192 80
193 80
194 80
308 80
309 80
383 80
384 80
385 80
387 80
388 80
389 80
40 81
309 81
310 81
311 81
377 81
378 81
379 81
380 81
381 81
382 81
383 81
492 81
311 82
312 82
313 82
314 82
372 82
374 82
375 82
376 82
377 82
493 82
38 83
39 83
314 83
315 83
316 83
318 83
319 83
320 83
321 83
322 83
323 83
324 83
326 83
327 83
328 83
329 83
330 83
331 83
332 83
333 83
334 83
335 83
336 83
337 83
338 83
345 83
347 83
348 83
349 83
350 83
351 83
352 83
353 83
354 83
355 83
356 83
358 83
359 83
360 83
361 83
362 83
363 83
364 83
365 83
366 83
368 83
369 83
370 83
371 83
372 83
493 83
38 84
338 84
340 84
341 84
342 84
343 84
344 84
345 84
493 84
38 85
494 86
38 87
494 87
38 88
494 88
38 89
494 89
38 90
494 90
494 91
494 92
38 93
494 93
38 94
494 94
495 94
38 95
495 95
495 96
38 97
38 98
495 98
38 99
495 99
38 100
495 100
496 100
38 101
496 101
38 102
496 102
38 103
39 103
496 103
39 104
496 104
497 104
39 105
497 105
39 106
497 106
39 107
497 107
498 107
38 108
39 108
497 108
498 108
38 109
38 110
497 110
496 111
497 111
38 112
495 112
496 112
38 113
494 113
495 113
38 114
493 114
494 114
38 115
492 115
493 115
38 116
490 116
491 116
38 117
485 117
487 117
488 117
489 117
490 117
483 118
485 118
38 119
483 119
38 120
478 120
479 120
480 120
38 121
39 121
476 121
478 121
84 122
85 122
86 122
87 122
90 122
91 122
92 122
93 122
94 122
96 122
97 122
98 122
99 122
100 122
101 122
102 122
103 122
104 122
474 122
476 122
39 123
40 123
83 123
84 123
104 123
105 123
106 123
107 123
108 123
109 123
111 123
459 123
460 123
462 123
463 123
464 123
465 123
466 123
467 123
468 123
470 123
471 123
473 123
474 123
41 124
42 124
80 124
81 124
82 124
83 124
112 124
113 124
114 124
115 124
116 124
117 124
118 124
119 124
120 124
449 124
450 124
451 124
452 124
453 124
454 124
455 124
456 124
457 124
458 124
42 125
43 125
44 125
45 125
46 125
47 125
48 125
49 125
50 125
51 125
52 125
53 125
55 125
57 125
58 125
59 125
60 125
61 125
62 125
63 125
64 125
66 125
67 125
72 125
73 125
74 125
75 125
76 125
77 125
78 125
79 125
80 125
122 125
123 125
124 125
125 125
127 125
128 125
442 125
443 125
444 125
445 125
447 125
448 125
449 125
68 126
69 126
70 126
71 126
72 126
129 126
130 126
131 126
132 126
133 126
434 126
435 126
436 126
438 126
440 126
441 126
442 126
133 127
134 127
135 127
136 127
137 127
138 127
139 127
140 127
141 127
418 127
419 127
420 127
421 127
422 127
423 127
424 127
426 127
427 127
428 127
429 127
430 127
431 127
432 127
433 127
141 128
142 128
143 128
144 128
145 128
146 128
147 128
148 128
149 128
416 128
417 128
418 128
150 129
151 129
152 129
153 129
414 129
415 129
416 129
154 130
155 130
156 130
157 130
393 130
394 130
396 130
397 130
398 130
399 130
400 130
401 130
402 130
403 130
404 130
406 130
407 130
408 130
410 130
412 130
414 130
157 131
158 131
159 131
160 131
162 131
163 131
164 131
165 131
166 131
167 131
387 131
388 131
389 131
390 131
391 131
392 131
393 131
167 132
168 132
170 132
172 132
173 132
174 132
175 132
176 132
177 132
178 132
364 132
365 132
367 132
368 132
369 132
370 132
371 132
372 132
373 132
374 132
375 132
376 132
377 132
378 132
379 132
380 132
381 132
382 132
383 132
384 132
385 132
386 132
387 132
178 133
180 133
357 133
358 133
359 133
360 133
361 133
362 133
363 133
364 133
180 134
181 134
182 134
184 134
185 134
186 134
333 134
335 134
337 134
338 134
339 134
340 134
341 134
344 134
345 134
347 134
348 134
349 134
350 134
351 134
352 134
354 134
355 134
356 134
357 134
186 135
187 135
188 135
189 135
326 135
328 135
329 135
330 135
331 135
332 135
333 135
189 136
190 136
191 136
314 136
316 136
317 136
318 136
319 136
320 136
321 136
322 136
323 136
324 136
326 136
191 137
193 137
194 137
310 137
311 137
313 137
314 137
194 138
195 138
196 138
197 138
198 138
199 138
307 138
308 138
309 138
310 138
199 139
200 139
201 139
305 139
307 139
201 140
202 140
203 140
204 140
299 140
300 140
301 140
303 140
304 140
204 141
205 141
206 141
298 141
299 141
206 142
296 142
297 142
298 142
208 143
209 143
210 143
211 143
212 143
296 143
212 144
213 144
216 144
217 144
218 144
219 144
220 144
221 144
222 144
223 144
225 144
226 144
227 144
228 144
229 144
231 144
232 144
233 144
234 144
235 144
237 144
238 144
239 144
241 144
242 144
243 144
244 144
245 144
246 144
247 144
249 144
250 144
251 144
252 144
253 144
254 144
288 144
289 144
290 144
292 144
293 144
294 144
295 144
254 145
255 145
256 145
257 145
258 145
259 145
260 145
261 145
262 145
263 145
264 145
265 145
266 145
267 145
268 145
269 145
270 145
271 145
272 145
273 145
274 145
275 145
277 145
278 145
279 145
281 145
282 145
283 145
284 145
285 145
286 145
287 145
288 145
