210 41
211 41
212 41
213 41
214 41
215 41
216 41
217 41
218 41
219 41
220 41
221 41
222 41
225 41
226 41
227 41
228 41
229 41
230 41
231 41
232 41
233 41
234 41
235 41
236 41
237 41
238 41
239 41
203 42
204 42
205 42
206 42
207 42
208 42
209 42
210 42
222 42
223 42
224 42
225 42
239 42
240 42
241 42
242 42
243 42
244 42
245 42
246 42
202 43
203 43
246 43
247 43
248 43
249 43
250 43
251 43
252 43
253 43
254 43
255 43
256 43
257 43
258 43
259 43
260 43
199 44
200 44
201 44
202 44
260 44
261 44
262 44
263 44
198 45
199 45
263 45
264 45
265 45
266 45
267 45
196 46
197 46
198 46
267 46
268 46
269 46
270 46
271 46
196 47
271 47
272 47
273 47
195 48
196 48
273 48
274 48
275 48
194 49
195 49
275 49
276 49
277 49
192 50
193 50
194 50
277 50
278 50
279 50
280 50
191 51
192 51
280 51
281 51
282 51
188 52
189 52
190 52
191 52
282 52
283 52
187 53
188 53
283 53
284 53
285 53
186 54
187 54
285 54
286 54
287 54
185 55
186 55
287 55
288 55
289 55
183 56
184 56
185 56
289 56
290 56
182 57
183 57
290 57
291 57
292 57
293 57
180 58
181 58
182 58
293 58
294 58
295 58
178 59
179 59
180 59
295 59
296 59
297 59
298 59
299 59
300 59
301 59
302 59
176 60
177 60
178 60
302 60
303 60
304 60
305 60
306 60
307 60
308 60
309 60
310 60
311 60
312 60
313 60
314 60
315 60
316 60
317 60
318 60
77 61
79 61
80 61
81 61
99 61
109 61
149 61
150 61
151 61
152 61
154 61
167 61
173 61
174 61
175 61
176 61
318 61
319 61
320 61
321 61
322 61
323 61
324 61
325 61
326 61
327 61
354 61
74 62
75 62
76 62
77 62
78 62
79 62
81 62
82 62
83 62
84 62
85 62
86 62
87 62
88 62
89 62
90 62
91 62
92 62
93 62
94 62
95 62
96 62
97 62
98 62
99 62
100 62
101 62
102 62
103 62
104 62
105 62
106 62
107 62
108 62
109 62
110 62
111 62
112 62
113 62
114 62
115 62
116 62
117 62
118 62
119 62
120 62
121 62
122 62
123 62
124 62
125 62
126 62
127 62
128 62
129 62
130 62
131 62
132 62
133 62
134 62
135 62
136 62
137 62
138 62
139 62
140 62
141 62
142 62
143 62
144 62
145 62
146 62
147 62
148 62
149 62
152 62
153 62
154 62
155 62
156 62
157 62
158 62
159 62
160 62
161 62
162 62
163 62
164 62
165 62
166 62
167 62
168 62
169 62
170 62
171 62
172 62
173 62
327 62
328 62
329 62
330 62
331 62
332 62
333 62
334 62
335 62
336 62
337 62
338 62
339 62
340 62
341 62
342 62
343 62
344 62
345 62
346 62
347 62
348 62
349 62
350 62
351 62
352 62
353 62
354 62
355 62
356 62
357 62
358 62
359 62
360 62
361 62
362 62
363 62
364 62
365 62
366 62
367 62
368 62
369 62
370 62
371 62
372 62
373 62
374 62
375 62
376 62
377 62
378 62
379 62
380 62
381 62
382 62
383 62
384 62
385 62
386 62
387 62
388 62
389 62
390 62
391 62
392 62
393 62
394 62
395 62
396 62
73 63
74 63
396 63
397 63
398 63
399 63
400 63
401 63
402 63
403 63
404 63
405 63
71 64
72 64
73 64
405 64
406 64
407 64
408 64
409 64
410 64
411 64
412 64
413 64
414 64
415 64
416 64
417 64
418 64
419 64
420 64
421 64
422 64
423 64
424 64
425 64
426 64
427 64
428 64
429 64
430 64
431 64
432 64
71 65
432 65
433 65
70 66
71 66
433 66
434 66
70 67
434 67
435 67
70 68
435 68
70 69
435 69
70 70
71 70
435 70
71 71
72 71
435 71
72 72
435 72
72 73
435 73
72 74
435 74
72 75
435 75
436 75
72 76
73 76
436 76
437 76
73 77
436 77
73 78
436 78
73 79
436 79
73 80
436 80
72 81
73 81
436 81
72 82
436 82
437 82
71 83
72 83
437 83
70 84
71 84
437 84
438 84
70 85
438 85
70 86
438 86
70 87
438 87
70 88
438 88
70 89
438 89
70 90
437 90
438 90
70 91
437 91
70 92
437 92
70 93
437 93
70 94
437 94
70 95
437 95
70 96
436 96
437 96
70 97
71 97
436 97
71 98
436 98
71 99
436 99
71 100
436 100
71 101
436 101
71 102
436 102
70 103
71 103
436 103
69 104
70 104
435 104
436 104
69 105
435 105
68 106
69 106
435 106
68 107
435 107
68 108
69 108
434 108
435 108
69 109
70 109
433 109
434 109
70 110
71 110
72 110
73 110
74 110
75 110
76 110
77 110
78 110
79 110
80 110
81 110
82 110
83 110
84 110
85 110
86 110
87 110
88 110
89 110
90 110
91 110
92 110
93 110
94 110
95 110
96 110
97 110
98 110
99 110
100 110
101 110
102 110
103 110
104 110
105 110
106 110
107 110
108 110
109 110
110 110
111 110
112 110
113 110
114 110
115 110
116 110
117 110
118 110
119 110
120 110
121 110
122 110
123 110
124 110
125 110
126 110
127 110
128 110
129 110
130 110
131 110
132 110
133 110
432 110
433 110
133 111
134 111
135 111
136 111
137 111
138 111
139 111
140 111
141 111
142 111
143 111
144 111
145 111
146 111
147 111
148 111
149 111
150 111
151 111
152 111
153 111
154 111
155 111
156 111
430 111
431 111
432 111
156 112
157 112
158 112
159 112
428 112
429 112
430 112
159 113
160 113
161 113
162 113
163 113
164 113
165 113
166 113
308 113
309 113
310 113
311 113
312 113
313 113
314 113
315 113
316 113
317 113
318 113
319 113
320 113
321 113
322 113
323 113
324 113
325 113
326 113
327 113
328 113
329 113
330 113
331 113
332 113
333 113
334 113
335 113
336 113
337 113
338 113
339 113
340 113
341 113
342 113
343 113
344 113
345 113
346 113
347 113
348 113
349 113
350 113
351 113
352 113
353 113
354 113
355 113
356 113
357 113
358 113
359 113
360 113
361 113
362 113
363 113
364 113
365 113
366 113
367 113
368 113
369 113
370 113
371 113
372 113
373 113
374 113
375 113
376 113
377 113
378 113
379 113
380 113
381 113
382 113
383 113
384 113
385 113
386 113
387 113
388 113
389 113
390 113
391 113
392 113
393 113
394 113
395 113
396 113
397 113
398 113
399 113
400 113
401 113
402 113
403 113
404 113
405 113
406 113
407 113
408 113
409 113
410 113
411 113
412 113
413 113
414 113
415 113
416 113
417 113
418 113
419 113
420 113
421 113
422 113
423 113
424 113
425 113
426 113
427 113
428 113
166 114
167 114
168 114
306 114
307 114
308 114
168 115
169 115
303 115
304 115
305 115
306 115
169 116
170 116
171 116
301 116
302 116
303 116
171 117
172 117
300 117
301 117
172 118
173 118
174 118
297 118
298 118
299 118
300 118
174 119
295 119
296 119
297 119
174 120
175 120
176 120
177 120
289 120
290 120
291 120
292 120
293 120
294 120
295 120
177 121
178 121
283 121
284 121
285 121
286 121
287 121
288 121
289 121
178 122
179 122
180 122
279 122
280 122
281 122
282 122
283 122
180 123
181 123
274 123
275 123
276 123
277 123
278 123
279 123
181 124
182 124
183 124
184 124
268 124
269 124
270 124
271 124
272 124
273 124
274 124
184 125
185 125
186 125
187 125
188 125
260 125
261 125
262 125
263 125
264 125
265 125
266 125
267 125
268 125
188 126
189 126
190 126
257 126
258 126
259 126
260 126
190 127
191 127
192 127
193 127
194 127
254 127
255 127
256 127
257 127
194 128
195 128
196 128
197 128
198 128
250 128
251 128
252 128
253 128
254 128
198 129
199 129
200 129
201 129
245 129
246 129
247 129
248 129
249 129
250 129
199 130
201 130
202 130
203 130
204 130
205 130
206 130
242 130
243 130
244 130
245 130
206 131
207 131
208 131
209 131
210 131
211 131
237 131
238 131
239 131
240 131
241 131
242 131
211 132
212 132
213 132
214 132
215 132
216 132
217 132
218 132
219 132
220 132
221 132
222 132
223 132
224 132
225 132
226 132
227 132
228 132
229 132
230 132
231 132
232 132
233 132
234 132
235 132
236 132
237 132
