449 93
457 93
460 93
446 94
440 95
441 95
443 95
461 95
462 95
463 95
464 95
465 95
467 95
440 96
467 96
439 97
467 97
470 97
472 97
473 97
474 97
476 97
477 97
438 98
479 98
432 99
433 99
435 99
479 99
480 99
481 99
482 99
483 99
484 99
432 100
485 100
485 101
486 101
487 101
430 102
428 103
491 103
428 104
425 105
426 105
427 105
428 105
424 106
494 106
403 107
405 107
406 107
407 107
413 107
418 107
419 107
421 107
422 107
494 107
497 107
399 109
400 109
499 109
393 111
394 111
396 111
502 111
503 111
393 112
391 113
392 113
393 113
505 113
506 113
507 113
169 115
177 115
178 115
180 115
183 115
185 115
186 115
188 115
192 115
193 115
194 115
195 115
387 115
388 115
389 115
508 115
510 115
196 116
510 116
159 117
163 117
196 117
197 117
198 117
199 117
200 117
204 117
205 117
206 117
210 117
211 117
212 117
214 117
217 117
220 117
222 117
223 117
226 117
228 117
229 117
230 117
234 117
236 117
238 117
243 117
244 117
245 117
248 117
249 117
251 117
254 117
260 117
261 117
264 117
265 117
266 117
267 117
268 117
269 117
272 117
273 117
274 117
276 117
278 117
283 117
286 117
288 117
289 117
291 117
292 117
385 117
386 117
387 117
510 117
512 117
153 118
514 118
146 119
147 119
149 119
150 119
151 119
152 119
153 119
293 119
294 119
295 119
296 119
298 119
300 119
301 119
302 119
305 119
309 119
311 119
312 119
383 119
385 119
516 119
121 121
125 121
129 121
130 121
132 121
134 121
136 121
138 121
139 121
143 121
144 121
145 121
312 121
313 121
314 121
317 121
318 121
320 121
323 121
325 121
327 121
329 121
332 121
333 121
381 121
383 121
516 121
121 122
516 122
97 123
101 123
104 123
105 123
111 123
112 123
113 123
116 123
117 123
118 123
120 123
121 123
336 123
338 123
516 123
96 124
340 124
379 124
516 124
90 125
93 125
94 125
340 125
341 125
342 125
345 125
349 125
350 125
379 125
621 125
623 125
624 125
625 125
628 125
631 125
632 125
633 125
637 125
640 125
641 125
643 125
644 125
645 125
646 125
647 125
648 125
651 125
653 125
657 125
659 125
661 125
664 125
668 125
671 125
672 125
673 125
679 125
682 125
683 125
687 125
691 125
692 125
693 125
694 125
695 125
698 125
699 125
701 125
702 125
705 125
706 125
707 125
89 126
352 126
354 126
355 126
358 126
359 126
360 126
373 126
375 126
376 126
377 126
518 126
519 126
520 126
521 126
596 126
598 126
607 126
608 126
609 126
615 126
617 126
618 126
620 126
716 126
718 126
720 126
723 126
724 126
725 126
727 126
729 126
732 126
733 126
734 126
735 126
86 127
522 127
594 127
736 127
74 128
78 128
81 128
83 128
85 128
360 128
361 128
363 128
364 128
365 128
369 128
370 128
372 128
577 128
581 128
583 128
585 128
586 128
587 128
589 128
591 128
593 128
739 128
740 128
741 128
744 128
746 128
748 128
749 128
751 128
752 128
755 128
759 128
760 128
764 128
767 128
768 128
769 128
770 128
772 128
773 128
776 128
777 128
74 129
577 129
782 129
524 130
525 130
526 130
527 130
548 130
550 130
551 130
552 130
554 130
556 130
559 130
561 130
569 130
571 130
573 130
575 130
782 130
783 130
784 130
785 130
787 130
789 130
790 130
791 130
792 130
793 130
795 130
796 130
797 130
798 130
800 130
801 130
801 131
69 132
70 132
530 132
531 132
532 132
533 132
537 132
539 132
542 132
543 132
544 132
545 132
546 132
802 132
803 132
805 132
807 132
812 132
817 133
67 134
820 134
822 134
825 134
826 134
829 134
829 135
66 136
831 136
834 136
836 136
64 138
842 138
845 138
848 138
850 138
851 138
852 138
855 138
856 138
857 138
64 139
859 139
62 140
63 140
859 140
860 140
861 140
862 140
864 140
865 140
866 140
869 140
871 140
872 142
873 142
875 142
877 142
879 142
62 143
62 144
883 144
886 144
890 144
892 144
896 144
62 145
897 146
899 146
900 146
904 148
908 148
909 148
910 148
910 149
911 150
913 150
914 150
917 152
918 152
60 153
918 153
918 154
920 154
921 154
922 156
923 156
59 158
60 158
925 158
926 158
58 159
58 160
927 160
928 161
58 162
58 165
930 166
58 167
932 167
932 168
58 169
58 170
932 170
58 173
934 173
58 175
59 175
934 176
934 177
60 178
934 178
935 178
936 178
936 179
60 180
60 181
936 181
936 182
60 183
61 183
936 184
62 185
938 187
62 188
62 189
938 189
62 190
62 192
938 193
938 195
938 196
62 197
938 197
63 198
64 198
938 198
64 199
64 200
182 200
183 200
184 200
187 200
189 200
191 200
192 200
195 200
198 200
201 200
202 200
206 200
207 200
208 200
213 200
214 200
216 200
217 200
220 200
222 200
226 200
227 200
228 200
936 200
182 201
230 201
64 202
178 202
179 202
232 202
233 202
240 202
243 202
249 202
250 202
251 202
252 202
254 202
255 202
256 202
260 202
261 202
262 202
936 202
66 203
178 203
936 203
68 204
175 204
263 204
265 204
266 204
267 204
270 204
272 204
274 204
275 204
282 204
284 204
934 204
935 204
174 205
284 205
72 206
120 206
123 206
124 206
126 206
128 206
132 206
133 206
137 206
139 206
140 206
142 206
143 206
144 206
146 206
150 206
152 206
161 206
168 206
169 206
173 206
174 206
287 206
292 206
294 206
297 206
298 206
299 206
301 206
303 206
72 207
120 207
72 208
75 208
76 208
79 208
80 208
84 208
86 208
88 208
90 208
95 208
96 208
98 208
100 208
104 208
105 208
106 208
107 208
109 208
110 208
111 208
114 208
116 208
120 208
161 208
163 208
164 208
166 208
167 208
168 208
303 208
305 208
306 208
307 208
309 208
310 208
311 208
312 208
319 208
321 208
321 209
934 209
322 210
325 210
326 210
328 210
333 210
335 210
934 210
339 211
340 212
341 212
344 212
346 212
347 212
348 212
349 212
350 212
352 212
358 212
609 212
610 212
614 212
616 212
617 212
618 212
619 212
623 212
625 212
626 212
628 212
629 212
631 212
634 212
635 212
636 212
643 212
644 212
645 212
646 212
647 212
649 212
651 212
654 212
655 212
665 212
667 212
670 212
673 212
675 212
677 212
679 212
681 212
685 212
689 212
690 212
691 212
694 212
695 212
700 212
934 212
359 213
360 214
362 214
363 214
364 214
365 214
367 214
581 214
583 214
584 214
586 214
589 214
591 214
594 214
595 214
598 214
600 214
601 214
602 214
603 214
605 214
608 214
609 214
708 214
711 214
713 214
716 214
718 214
721 214
722 214
723 214
724 214
725 214
726 214
727 214
729 214
731 214
736 214
738 214
742 214
743 214
746 214
748 214
754 214
755 214
756 214
757 214
758 214
760 214
761 214
763 214
770 214
776 214
777 214
930 214
572 215
930 215
369 216
370 216
534 216
535 216
537 216
538 216
541 216
542 216
544 216
547 216
553 216
554 216
556 216
559 216
562 216
563 216
568 216
780 216
781 216
784 216
785 216
787 216
790 216
792 216
793 216
794 216
797 216
798 216
803 216
804 216
806 216
808 216
809 216
810 216
811 216
813 216
814 216
816 216
928 216
929 216
930 216
371 217
928 217
524 218
525 218
526 218
527 218
528 218
530 218
534 218
819 218
820 218
823 218
825 218
826 218
829 218
830 218
835 218
837 218
927 218
928 218
373 219
524 219
838 219
373 220
374 220
375 220
522 220
843 220
846 220
850 220
851 220
855 220
857 220
859 220
861 220
864 220
865 220
867 220
868 220
869 220
870 220
924 220
375 221
520 221
870 221
922 221
519 222
520 222
870 222
872 222
875 222
877 222
887 222
888 222
889 222
890 222
891 222
892 222
897 222
898 222
899 222
918 222
919 222
920 222
921 222
922 222
377 223
918 223
378 224
379 224
516 224
517 224
518 224
904 224
905 224
907 224
908 224
910 224
915 224
917 224
918 224
379 225
383 227
516 227
384 228
514 228
514 229
385 230
513 230
387 231
512 231
510 232
511 232
512 232
510 233
389 234
392 234
506 234
507 234
509 234
510 234
393 235
506 235
393 236
395 236
396 236
500 236
502 236
505 236
506 236
396 237
496 239
399 240
400 240
495 240
496 240
402 241
402 242
403 242
494 242
494 243
404 244
405 244
406 244
493 244
406 245
408 246
487 246
488 246
408 247
409 248
411 248
412 248
413 248
414 248
415 248
417 248
418 248
471 248
473 248
476 248
478 248
479 248
483 248
485 248
487 248
465 249
418 250
421 250
457 250
458 250
459 250
462 250
423 251
424 251
425 251
426 251
428 251
430 251
452 251
456 251
430 252
451 252
430 253
431 253
433 253
436 253
440 253
441 253
443 253
444 253
445 253
446 253
449 253
450 253
