234 29
235 29
236 29
237 29
238 29
239 29
233 30
234 30
239 30
240 30
241 30
232 31
233 31
241 31
231 32
232 32
241 32
242 32
230 33
231 33
242 33
243 33
227 34
228 34
229 34
230 34
243 34
244 34
246 34
221 35
223 35
224 35
225 35
226 35
227 35
246 35
247 35
249 35
218 36
219 36
220 36
249 36
250 36
251 36
252 36
215 37
216 37
218 37
252 37
253 37
213 38
214 38
253 38
255 38
209 39
210 39
212 39
213 39
255 39
256 39
257 39
258 39
260 39
261 39
262 39
263 39
264 39
206 40
207 40
208 40
209 40
205 41
206 41
265 41
266 41
203 42
204 42
205 42
266 42
267 42
202 43
203 43
268 43
200 44
201 44
202 44
268 44
269 44
270 44
271 44
272 44
198 45
199 45
200 45
272 45
273 45
197 46
198 46
273 46
197 47
274 47
275 47
196 48
197 48
276 48
193 49
194 49
195 49
196 49
276 49
277 49
278 49
192 50
193 50
278 50
191 51
192 51
279 51
67 52
68 52
69 52
70 52
150 52
151 52
152 52
153 52
155 52
156 52
157 52
158 52
159 52
161 52
191 52
280 52
62 53
63 53
64 53
65 53
66 53
67 53
71 53
72 53
73 53
74 53
75 53
76 53
77 53
99 53
100 53
101 53
103 53
104 53
105 53
106 53
107 53
108 53
123 53
124 53
125 53
126 53
127 53
137 53
138 53
139 53
140 53
141 53
142 53
146 53
147 53
148 53
149 53
150 53
161 53
162 53
163 53
164 53
165 53
166 53
167 53
171 53
172 53
174 53
175 53
176 53
177 53
178 53
179 53
190 53
191 53
281 53
59 54
60 54
61 54
62 54
77 54
78 54
79 54
80 54
81 54
82 54
83 54
84 54
85 54
86 54
87 54
96 54
97 54
98 54
99 54
108 54
110 54
111 54
112 54
113 54
114 54
115 54
116 54
117 54
118 54
119 54
120 54
121 54
122 54
123 54
127 54
128 54
129 54
131 54
132 54
133 54
134 54
135 54
136 54
137 54
142 54
143 54
144 54
145 54
146 54
167 54
168 54
169 54
170 54
171 54
179 54
180 54
181 54
189 54
190 54
281 54
49 55
50 55
51 55
53 55
54 55
55 55
56 55
57 55
58 55
59 55
87 55
89 55
90 55
91 55
93 55
94 55
95 55
96 55
181 55
182 55
183 55
184 55
185 55
188 55
189 55
284 55
49 56
284 56
285 56
48 57
49 57
285 57
287 57
48 58
287 58
288 58
289 58
290 58
291 58
293 58
294 58
296 58
297 58
298 58
307 58
308 58
309 58
310 58
311 58
312 58
313 58
315 58
316 58
317 58
328 58
329 58
330 58
331 58
332 58
333 58
334 58
335 58
336 58
337 58
338 58
339 58
340 58
341 58
345 58
346 58
347 58
348 58
349 58
351 58
353 58
367 58
368 58
369 58
387 58
388 58
389 58
390 58
391 58
393 58
404 58
405 58
406 58
407 58
409 58
428 58
429 58
430 58
431 58
432 58
437 58
438 58
439 58
440 58
441 58
442 58
443 58
444 58
445 58
446 58
447 58
448 58
48 59
298 59
299 59
300 59
301 59
302 59
303 59
304 59
305 59
306 59
307 59
317 59
318 59
319 59
320 59
321 59
323 59
324 59
325 59
326 59
327 59
328 59
341 59
342 59
343 59
344 59
345 59
353 59
354 59
355 59
356 59
357 59
358 59
359 59
360 59
361 59
362 59
364 59
365 59
366 59
367 59
369 59
370 59
372 59
374 59
375 59
376 59
377 59
378 59
379 59
380 59
381 59
382 59
383 59
384 59
385 59
386 59
387 59
393 59
394 59
395 59
396 59
397 59
398 59
399 59
400 59
401 59
402 59
403 59
404 59
409 59
410 59
411 59
412 59
413 59
414 59
415 59
416 59
417 59
424 59
425 59
426 59
427 59
428 59
432 59
433 59
434 59
435 59
436 59
437 59
448 59
449 59
450 59
451 59
452 59
453 59
455 59
456 59
457 59
458 59
48 60
417 60
418 60
419 60
420 60
421 60
422 60
423 60
424 60
458 60
459 60
460 60
461 60
48 61
461 61
48 62
461 62
48 63
462 63
48 64
462 64
47 65
48 65
462 65
47 66
461 66
462 66
46 67
47 67
461 67
46 68
46 70
461 70
45 71
46 71
461 71
45 72
461 72
45 73
45 74
461 74
45 75
462 75
45 76
462 76
45 77
462 77
45 78
462 78
44 79
45 79
462 79
45 80
462 80
45 81
462 81
45 82
462 82
45 83
462 83
45 84
45 85
462 85
45 86
462 86
45 87
46 87
462 87
46 88
462 88
46 89
462 89
46 90
46 91
462 91
462 92
46 93
462 93
46 94
47 94
461 94
47 95
461 95
47 96
461 96
47 97
48 97
461 97
48 98
49 98
461 98
49 99
50 99
51 99
52 99
53 99
54 99
55 99
56 99
57 99
58 99
59 99
60 99
61 99
62 99
63 99
64 99
65 99
72 99
73 99
74 99
75 99
76 99
77 99
78 99
79 99
80 99
81 99
82 99
83 99
84 99
85 99
87 99
88 99
89 99
90 99
91 99
92 99
93 99
94 99
95 99
97 99
98 99
103 99
104 99
105 99
106 99
107 99
109 99
110 99
111 99
112 99
113 99
114 99
115 99
116 99
125 99
126 99
127 99
128 99
129 99
130 99
131 99
133 99
159 99
160 99
161 99
162 99
163 99
165 99
166 99
167 99
168 99
169 99
170 99
171 99
172 99
173 99
174 99
175 99
461 99
65 100
66 100
67 100
68 100
69 100
70 100
71 100
72 100
98 100
100 100
101 100
102 100
103 100
116 100
117 100
119 100
121 100
122 100
123 100
124 100
133 100
134 100
135 100
136 100
137 100
138 100
139 100
140 100
141 100
142 100
143 100
144 100
145 100
146 100
147 100
148 100
149 100
150 100
151 100
152 100
153 100
154 100
155 100
156 100
157 100
158 100
159 100
163 100
164 100
165 100
175 100
176 100
461 100
176 101
177 101
461 101
178 102
461 102
462 102
178 103
179 103
462 103
179 104
180 104
462 104
180 105
181 105
461 105
462 105
181 106
461 106
181 107
182 107
283 107
284 107
285 107
286 107
297 107
298 107
299 107
300 107
301 107
302 107
303 107
305 107
306 107
315 107
317 107
318 107
321 107
322 107
323 107
325 107
326 107
327 107
328 107
341 107
342 107
343 107
344 107
345 107
346 107
353 107
354 107
355 107
356 107
357 107
358 107
361 107
362 107
363 107
365 107
366 107
367 107
460 107
461 107
182 108
280 108
281 108
282 108
283 108
286 108
287 108
288 108
289 108
290 108
291 108
292 108
293 108
294 108
295 108
296 108
297 108
306 108
307 108
308 108
309 108
310 108
311 108
313 108
319 108
320 108
321 108
328 108
329 108
330 108
331 108
332 108
333 108
334 108
335 108
336 108
337 108
338 108
339 108
340 108
341 108
346 108
347 108
349 108
350 108
351 108
352 108
353 108
358 108
360 108
361 108
367 108
369 108
370 108
371 108
372 108
373 108
374 108
376 108
377 108
378 108
379 108
381 108
382 108
383 108
384 108
385 108
386 108
387 108
388 108
390 108
392 108
393 108
394 108
397 108
398 108
399 108
401 108
410 108
411 108
412 108
413 108
414 108
416 108
418 108
419 108
420 108
426 108
427 108
428 108
429 108
430 108
431 108
432 108
434 108
458 108
459 108
460 108
183 109
280 109
388 109
389 109
390 109
402 109
403 109
404 109
405 109
406 109
407 109
408 109
409 109
410 109
420 109
421 109
422 109
423 109
424 109
425 109
426 109
434 109
435 109
436 109
437 109
438 109
439 109
440 109
441 109
442 109
450 109
451 109
452 109
453 109
454 109
455 109
456 109
457 109
458 109
183 110
184 110
277 110
278 110
279 110
442 110
443 110
444 110
445 110
446 110
447 110
184 111
185 111
276 111
277 111
185 112
186 112
275 112
276 112
186 113
187 113
274 113
275 113
187 114
273 114
274 114
187 115
188 115
189 115
270 115
272 115
273 115
189 116
190 116
269 116
270 116
190 117
268 117
269 117
190 118
191 118
268 118
191 119
192 119
265 119
266 119
267 119
193 120
194 120
262 120
263 120
264 120
265 120
194 121
195 121
260 121
262 121
195 122
196 122
258 122
260 122
196 123
197 123
257 123
258 123
197 124
198 124
199 124
253 124
254 124
255 124
256 124
199 125
200 125
202 125
203 125
204 125
205 125
206 125
207 125
208 125
249 125
250 125
251 125
208 126
209 126
210 126
211 126
247 126
248 126
249 126
211 127
212 127
213 127
215 127
216 127
219 127
220 127
221 127
222 127
223 127
224 127
225 127
226 127
228 127
230 127
231 127
233 127
234 127
235 127
236 127
238 127
246 127
247 127
238 128
239 128
240 128
242 128
243 128
244 128
