108.231 109.59
79.9812 89.4707
49.8197 50.774
49.5177 57.8705
48.3322 55.5428
46.0435 46.4004
43.4166 56.4358
39.6611 62.434
19.6977 21.9545
18.6815 22.8035
18.3576 19.4165
17.0294 18.1108
15.5563 18.0278
15.0333 18.3848
14.8661 15
14.2127 14.7648
14.2127 133.36
14 14.1421
14 14.5602
13 13.1529
13 15.2315
12.0416 12.2066
12 12.7279
11.6619 12.8062
11.6619 11.7047
11.4018 18.6011
11.4018 12.083
11.1803 13.4164
11 11.1803
10.8167 12.0416
10.6301 10.7703
10.4403 11.1803
10.4403 10.8167
10.2956 14.2127
10.198 23.7065
9.48683 10
9.43398 13
7.81025 8.06226
7.81025 13.8924
7.07107 7.81025
6.40312 7.07107
6.08276 6.40312
5.83095 7.07107
5.65685 6
5 5.09902
4 4.12311
3.60555 4.12311
3 3.16228
3 3.16228
2.82843 3
2 2.23607
2 2.82843
2 2.23607
