46.4004 46.6476
46.4004 54.4518
39 39.0128
39 39.0128
39 39.0512
39 45.4863
16 16.6433
12 120.507
9.43398 13
7.61577 8.24621
6.32456 10.4403
5.09902 5.65685
5.09902 5.38516
5 5.09902
5 7.07107
5 5.83095
5 13.9284
4.47214 5
4.47214 5
4.47214 5.65685
4.12311 4.24264
4.12311 4.47214
4.12311 5
4.12311 4.24264
3.16228 5.38516
3 4
3 6.32456
3 6.08276
3 3.16228
3 3.16228
3 3.16228
3 3.16228
3 3.16228
3 3.60555
3 3.60555
2.82843 3
2.82843 3
2.23607 3
2 2.23607
2 2.23607
2 2.23607
2 2.23607
2 2.23607
2 2.23607
2 2.23607
2 2.23607
2 2.23607
2 2.23607
1.41421 2
1.41421 2
