108.296 110.436
77.6466 90.5097
50.6952 60.9016
48.8774 55.0727
42.9535 56.4004
42.2019 63.7887
19.2354 23
16.0312 18.3848
14.3178 15
14.3178 16.6433
14.2127 18.6815
14.1421 14.3178
14.0357 15
13.8924 15.6525
13 13.0384
13 13.3417
12.0416 12.083
12.0416 12.1655
12 12.3693
11.7047 12.53
11.7047 12
11.6619 18.7883
11.6619 12.0416
11.6619 12.3693
11.1803 133.417
11.0454 14.8661
10.8167 11.0454
10.7703 10.8167
10.6301 13.0384
10.2956 10.4403
9.8995 12.083
9.48683 23.3452
9.43398 11
9.21954 14.3178
8.94427 9.48683
7.81025 8
7.2111 8.24621
6.7082 7
5.09902 5.38516
5.09902 5.38516
4.12311 4.47214
3.16228 3.60555
2.82843 3.16228
2.82843 3
2 2.82843
1.41421 2
