46.0977 54.0833
37.5366 46.0109
15.5563 16.4924
8.06226 9.21954
7.07107 121.458
7 10.6301
5.65685 5.83095
5.65685 7
5.38516 5.83095
5 5.09902
5 6.08276
5 12.2066
4.47214 13.4536
4.12311 4.24264
4.12311 4.47214
3.60555 4
3.60555 5
3.60555 4
3.60555 4.47214
3.60555 5.65685
3.16228 5.38516
3.16228 3.60555
3.16228 3.60555
3.16228 3.60555
3 3.16228
3 4.12311
3 3.16228
3 4
3 3.16228
2.82843 4
2.23607 5
2.23607 3.16228
2 2.23607
2 2.23607
2 2.23607
2 2.23607
2 2.23607
2 2.23607
2 2.23607
2 2.23607
2 2.23607
2 2.23607
1.41421 2
1 1.41421
1 1.41421
1 1.41421
1 1.41421
1 1.41421
