95.5249 100.499
89.8888 90.6035
88.6848 93.1451
53.6004 54.0833
41 47.3814
32.28 32.6956
28.178 31.5753
28.1603 29.4109
27.6586 55.0364
25 25.02
24.8395 32.0156
24.7588 29.1204
24.0832 26.9072
21.2603 21.5407
21.095 21.9545
21.095 22.0227
20.8806 25
20.6155 22.3607
19.8494 20.8087
19.105 48.8774
19.0263 148.499
18.2483 20.0998
17.2047 20.2237
17.1172 23.4094
15.8114 17.4642
15.8114 16.0312
15.8114 26.1725
15.5563 18
15.2315 16.2788
14.8661 15
14.8661 16
14.5602 15
14.5602 15.6205
14.0357 14.1421
14.0357 15.2643
13.6015 14.2127
13.6015 17.6918
13.6015 17
13.4164 14.0357
13 15.8114
12.2066 13
12.0416 12.083
12.0416 12.2066
11.4018 12.2066
10.8167 11
10.8167 11.1803
10.7703 10.8167
10.0499 11.1803
10 10.4403
9.8995 12.3693
9.43398 9.48683
9.21954 10.0499
9.05539 9.43398
8.94427 16.0312
8.06226 10.198
8.06226 8.94427
8.06226 9.84886
8 8.06226
7.81025 8.06226
7.2111 9.05539
7.07107 7.2111
7.07107 7.2111
7 7.28011
6.40312 9
6.40312 13.0384
6.32456 8
6.32456 6.40312
6.32456 10.8167
6.32456 7.07107
6.08276 6.7082
6 6.32456
5.83095 6.32456
5.83095 6
5.83095 7
5.65685 9.48683
5.65685 7.07107
5.38516 6.08276
5.38516 7.61577
5.38516 6.32456
5.09902 6.40312
5.09902 5.65685
5.09902 10.2956
5 5.09902
5 7.07107
4.47214 5
4.47214 5.38516
4.24264 6.40312
4.12311 4.24264
4.12311 4.24264
4.12311 5.65685
4.12311 4.47214
4.12311 4.47214
4.12311 4.24264
4.12311 4.24264
4.12311 4.47214
4 4.24264
4 4.24264
4 4.24264
4 4.12311
4 4.24264
3.16228 3.60555
3 3.16228
2.23607 3.16228
2 2.23607
2 2.23607
2 2.82843
2 2.82843
2 2.23607
