97.0052 100.807
90.802 91.5478
89.0225 91.6079
52.6308 54.0833
37.2156 50.5371
34.8855 46.5296
34.2053 36.0555
29.9666 31.9061
28.6531 47.676
26.4764 37.2022
25 29.9666
24.7588 26.3059
21.0238 25.4951
20.1246 148.408
19.6469 21.2603
19.4165 20.1246
19.2354 21.1896
18.3848 21.8403
18.0278 28.6007
18.0278 18.3848
17.4642 22.561
17.088 47.5184
15.0333 17.4642
14.8661 15.8114
14.5602 17.0294
14.4222 15.6205
14.3178 16.5529
14.3178 14.7648
13.6015 25.4951
13.0384 14.2127
13 17.6918
12.8062 16.1555
12.3693 13.1529
12.0416 12.6491
11 12.083
10.8167 11.1803
10.6301 11.7047
10.4403 10.8167
9.48683 9.84886
9.48683 10.6301
9.43398 9.48683
9.43398 10.4403
9.21954 12.1655
9.21954 9.84886
9.21954 12.53
9.21954 13.0384
9.05539 9.21954
8.94427 10.0499
8.60233 10
8.544 11.7047
8.48528 9.8995
8.06226 9.21954
8.06226 10.8167
8.06226 9.05539
8.06226 9.43398
8 8.06226
7.81025 8.544
7.61577 9.21954
7.61577 12.083
7.2111 7.61577
7.07107 8.06226
7 7.07107
7 9.84886
6.7082 8.48528
6.40312 6.7082
6.40312 7.07107
6.32456 7.61577
6.08276 6.7082
6 6.40312
5.83095 7.61577
5.83095 10
5.65685 7.07107
5.65685 7.28011
5.38516 5.83095
5.09902 5.65685
4.47214 5
4.12311 4.24264
4 4.12311
4 4.12311
3.60555 4
3.16228 4.24264
2.82843 3.16228
2.82843 3
2 2.23607
