50.6952 52.8015
43.8292 43.8634
43.8292 43.9318
43.0116 43.0465
43.0116 43.0465
42.9418 43.2782
42.72 42.8019
42.72 43.2782
42.5441 42.8019
42.5441 42.9418
42.4382 42.4853
42.4382 42.638
42.4382 42.638
42.19 42.4853
42.0595 42.2019
41.8808 42.45
41.8808 42.5206
41.6773 42.0119
41.6173 42.4853
41.3401 41.4005
41.3401 41.5933
41.3401 41.6173
41.3401 41.8688
41.1825 41.4005
41.0488 41.2311
41.0488 41.5933
41.0488 41.7732
40.8044 41.7253
40.4969 40.6079
40.4969 40.7185
40.4969 41.1096
40.3113 40.6079
40.3113 40.7063
40.2244 40.2492
40.2244 40.6079
39.9625 65
7 76.3217
