50.5668 52.9245
39.0512 39.1152
39.0512 39.6611
38.8973 39.1152
38.833 38.8973
38.833 38.8973
38.833 38.9102
38.4187 38.8973
38.2099 38.2753
38.2099 38.5876
38.1838 38.2753
38.1838 38.5876
38.0789 38.4838
38.0132 38.2099
37.6431 38.1838
37.6431 38.0789
37.5366 38.0789
37.5366 38.1838
37.4433 37.7359
37.0135 40.1622
36.4006 37.108
36.4006 36.4966
35.4401 35.7771
35.171 35.3412
34.7851 35.3412
34.2053 34.4384
33.9559 34.3657
33.5261 33.6155
33.5261 33.541
33.5261 33.541
32.7567 32.8938
32.5576 32.6497
32.28 32.311
31.9531 57.4891
8.24621 76.3217
2 2.23607
