50.5371 52.6308
39.4462 40.2492
39.1152 39.3573
39.1152 39.2046
39.1152 39.2046
39.1152 39.3954
38.2753 38.4708
38.0789 38.4838
38.0132 38.0789
38.0132 38.0789
37.7359 37.8021
37.2022 37.5766
36.8917 37.0135
36.8917 38.0789
36.3593 36.7696
36.0555 36.2353
36.0555 36.2353
35.805 36.2353
35.805 36.0694
35.3553 35.4683
35.2278 35.3412
35.2278 35.3553
35.2278 35.3412
34.8855 35.4683
34.6699 34.7131
34.4093 34.7131
34.4093 34.4819
34 34.2053
33.8378 34.0147
33.6155 33.9706
33.6006 34.0147
33.4216 33.541
33.2866 33.3017
33.0151 33.1059
32.7567 32.8024
32.7567 33.121
32.7567 32.8024
32.45 32.6497
32.2025 32.249
32.2025 32.249
32.2025 32.249
31.9061 57.2713
7.07107 70.0928
