50.0899 52.8015
39.8246 40.2492
39.4462 39.6989
39.4081 40
39.1152 39.2046
39.1152 39.2046
38.5876 39.3573
38.2753 38.4708
38.0132 38.4708
37.4433 38.0789
37.4433 37.5766
37.2022 37.5366
36.8917 37.0135
36.8917 37.2022
36.3593 36.7967
36.0555 36.4006
36.0555 36.2353
35.8469 36.1248
35.805 36.1248
35.2278 35.7771
34.9857 35.7771
34.6699 34.8855
34.6699 35
34 34.2053
33.8378 34.4384
33.8378 33.9706
33.2866 33.3017
33.0151 33.121
33.0151 33.121
33.0151 33.1059
32.7567 33.1059
32.7567 33.1059
32.45 33.1059
31.9061 32.0156
31.9061 32.311
31.6228 57.2713
6.7082 76.3217
