69.9214 70.0357
50.5668 52.811
39.9625 40
39.9625 40
39.6611 39.6989
39.4462 39.6989
39.1152 39.3573
39.1152 39.6989
38.5876 38.9102
38.5876 38.9102
38.5876 38.6005
38.5876 38.6005
38.2753 38.8973
37.4433 38.0132
37.2156 37.6962
36.8917 37.1214
36.8917 37.1618
36.6197 36.7151
36.6197 36.7151
36.0555 36.6742
36.0555 36.7696
36.0555 36.1248
35.805 36.0694
35.2278 35.3553
35.2278 35.3412
34.9857 35
34.9857 35
34.9857 35.3836
34.6699 34.7131
34.4093 34.8855
34.4093 34.4819
33.8378 34.2053
33.6006 34.0147
33.6006 33.6155
33.2866 34.0147
33.0151 33.2415
33.0151 33.1059
32.45 33.1059
32.45 32.6956
32.2025 32.249
31.9061 32.0156
31.7648 57.4891
6 76.4853
