69.9214 70.0357
39.4081 39.8121
39.4081 39.6989
39.2046 39.6232
38.833 39.0512
38.6005 38.9102
38.2753 38.4708
38.2753 38.4838
38.0789 38.4187
37.7359 38.1838
37.4433 37.5766
37.2022 37.2156
37.2022 37.5766
36.8917 37.5366
36.6197 36.7696
36.0555 36.6742
36.0555 36.2491
36.0555 36.0694
35.805 36.6742
35.2278 35.3412
34.9857 35
34.9857 35.3553
34.9857 35
34.6699 34.8855
34.4093 34.4819
34.4093 34.7131
34 34.0588
33.8378 34.4384
33.6006 33.9706
33.0151 33.121
33.0151 33.1059
33.0151 33.1059
32.8024 33.1059
32.7567 33.2415
32.45 32.6497
32.45 32.6497
32.249 32.5269
31.9061 32.2025
31.9061 76.3217
6.08276 80.0562
1 1.41421
