69.9214 70.0357
50.5371 53.1413
38.833 38.8973
38.6394 39
37.855 38.0526
37.6563 37.9473
37.4833 37.9473
37.4833 37.6431
37.2156 37.3631
37.108 37.6962
37.108 38
36.6742 37.3363
36.6742 36.6879
36.2215 36.4006
36.1248 36.1386
35.9026 36.0555
35.9026 36.0555
35.6931 36.0139
35.6931 36.0555
35.6931 36
34.8281 34.9857
33.8378 34.4384
33.4216 33.9411
33.3017 33.9706
33.2415 33.6155
32.7567 33.121
32.45 32.5269
32.2025 32.249
32.0156 32.249
31.6228 31.9061
31.4006 32.6497
31.0644 31.1127
30.8058 31.1127
30.4795 30.5287
30.2324 30.8707
29.8329 30.0167
29.6816 30.4138
29.4109 57.7235
8.60233 76.3217
2 2.23607
1 1.41421
