50.0899 53.0377
49.4773 57.8014
39.4081 39.4462
39.4081 39.4462
39.4081 39.8121
39.1152 39.2046
39.1152 39.2046
38.833 39.0512
38.833 38.9487
38.833 38.9102
38.5876 39.0512
38.2753 38.2884
38.0132 38.4187
38.0132 38.0789
37.7359 38.2099
37.7359 37.8021
37.4433 37.6431
36.8917 37.0135
36.8917 37.0135
36.8917 37.1214
36.6197 36.7967
36.6197 36.6742
36.2353 36.7696
36.0555 36.2353
35.805 36.2491
35.5106 36.0694
35.2278 35.3553
35.2278 35.7771
35.2278 35.3553
35.2278 35.3412
34.4093 34.4819
34.4093 34.4819
34.4093 34.4384
34.2053 34.6554
33.8378 34
33.6006 34.0147
33.2866 33.6155
33.2866 33.4216
33.121 33.6155
32.7567 32.8024
32.45 33.2415
32.45 33.1059
32.2025 32.6497
31.7648 57.5587
8.24621 61.2046
2 2.23607
