34.0588 34.7851
34 34.0147
33.3766 34.7851
31.257 31.3847
27.0185 27.074
27.0185 27.074
27 27.074
27 27.0185
27 27.1662
27 27.0185
27 27.0185
27 27.0185
27 27.0185
27 27.074
26.6833 27
25.7099 26.0192
25.4951 25.6125
25.4951 25.5539
24.3311 24.6982
24.1868 27.2947
24.0208 24.0832
24.0208 24.0832
24 24.0208
24 24.0832
23.8537 25.807
23.7697 24
23.0868 23.1948
23.0217 23.0868
23 23.0217
23 23.0217
23 23.0868
23 23.0868
23 24.0416
23 23.0217
23 23.0217
22.4722 22.8035
22.1359 22.2036
22 22.0227
22 22.0907
22 22.0227
22 22.0227
22 22.0227
22 22.0907
22 22.1359
21.5407 23.0868
21.2603 35.0143
21 21.095
21 21.095
21 21.2132
21 21.0238
21 22
21 21.2132
21 21.095
21 21.0238
20.6155 21
20.6155 21.9317
20 22.1359
20 20.0998
20 20.025
20 20.0998
20 21.095
19.4165 20.025
18.6815 18.7883
18.1108 18.3848
18 18.1108
18 18.0278
18 18.0278
18 25
18 18.0278
18 18.0278
17.72 18.0278
17.4642 18.0278
17.2627 17.8885
17.1172 18.2483
17.1172 18.0278
17.1172 17.4929
16.4924 17.088
16 16.0312
16 16.0312
15.8114 16.1245
15 15.0333
14 14.0357
13.9284 14.5602
13.0384 13.1529
13.0384 13.1529
13 13.0384
13 13.0384
13 13.1529
13 13.0384
13 13.0384
13 13.3417
13 13.3417
12.6491 13
12.6491 13
12.3693 13
12.3693 13.1529
12.3693 13.0384
12.3693 13.1529
12.3693 14.0357
12.3693 13
12.1655 13.0384
12.1655 13.1529
12.1655 13
12.1655 13.0384
12.1655 13.1529
12.1655 13
12.1655 13.6015
12.083 13.0384
12.0416 13.4164
12 12.0416
11.1803 11.6619
11.1803 11.4018
11.0454 12.2066
11.0454 13.0384
11 11.0454
11 12.0416
10 10.0499
10 10.0499
9 9.21954
8 45.1774
8 8.06226
8 8.06226
7 7.61577
7 7.07107
2 2.23607
