42.5441 42.72
35.4401 36.1386
27 27.0185
27 27.0185
27 27.074
27 27.0185
27 27.0185
27 27.0185
26.2488 26.3059
25.02 25.0799
25.02 25.0799
25.02 26.3059
25.02 27.074
25 25.02
25 25.02
24.7386 25.02
24.0208 24.3516
24 24.0416
24 24.6982
23.7697 24.0416
22.8035 22.8473
22.561 22.8254
22.2036 23
22.0907 23.0217
22.0227 23.0217
22 22.0227
22 22.0227
22 22.0227
22 22.0227
22 22.0907
21.587 22.0227
21 21.0238
21 21.0238
21 21.0238
20.0998 23.0868
20.025 25.0799
17.0294 17.2627
17 17.0294
17 17.0294
17 24
16.7631 18
16.7631 17.0294
16.0312 17.088
16 16.0312
16 16.0312
15 15.1327
15 15.0333
15 15.0333
15 15.0333
15 15.0333
15 15.1327
15 15.0333
15 15.0333
13.0384 13.1529
13 13.0384
13 13.0384
13 13.0384
13 13.0384
13 13.0384
13 13.0384
13 13.0384
13 13.0384
13 13.1529
13 13.0384
13 13.1529
13 13.0384
13 13.1529
13 13.0384
13 13.0384
13 13.0384
13 13.0384
13 13.0384
13 13.1529
13 13.0384
13 13.0384
13 13.0384
13 13.0384
13 13.0384
13 13.0384
13 13.0384
13 13.0384
13 13.0384
13 13.1529
13 13.1529
13 13.1529
13 13.1529
13 13.0384
13 13.0384
13 13.0384
13 13.1529
12.6491 13
12.6491 13.0384
12.6491 13.1529
12.3693 13.1529
12.3693 13.1529
12.3693 12.53
12.1655 12.53
12.1655 13.0384
12.1655 13
12.1655 13.1529
12.1655 13
12.1655 13.1529
12.1655 13.0384
12.0416 13
12.0416 13
12.0416 13.1529
11.7047 12
11.7047 13.8924
11.4018 12
11.4018 13.1529
11.4018 13.0384
11.4018 11.6619
11.0454 12
9.05539 12.2066
9.05539 13.0384
6.08276 43
3 3.16228
2 2.23607
