38.6394 39.0128
30.3645 31
27.4591 27.5136
27.074 27.2029
26.4764 27.2947
25.4951 25.632
25.2982 25.4951
25.0799 25.4951
25.0799 31.0644
25 25.1794
24.0832 24.1868
23.7697 24.0208
23.7697 24
22.561 24.0208
21.1896 21.9545
21.0238 21.3776
21 21.0238
21 21.095
21 29.0172
20.8806 21
20.3961 20.8087
20.2237 20.5913
20.025 21.0238
20 21
19.9249 20.6155
19.6469 26.0768
19 19.2354
13.0384 13.1529
13.0384 13.6015
13.0384 13.1529
13.0384 13.1529
13 13.1529
13 13.0384
13 13.3417
13 13.3417
13 13.3417
13 13.0384
13 13.3417
13 13.0384
13 13.1529
13 13.6015
13 13.1529
13 13.0384
13 13.1529
13 13.1529
13 13.0384
13 13.0384
13 13.1529
12.6491 13
12.6491 13.0384
12.3693 12.8062
12.3693 12.53
12.3693 13.8924
12.2066 12.3693
12.1655 12.53
12.1655 13
12.1655 13.0384
12.1655 14.7648
12.1655 13
12.1655 12.53
12.083 12.53
12.0416 13.0384
12.0416 12.083
12.0416 13.0384
12 12.1655
11.7047 12.53
11.7047 12
11.7047 12.6491
11.6619 11.7047
11.6619 13.1529
11.4018 13.1529
11.4018 13
11.4018 11.6619
11.4018 12
11.1803 12.0416
11.1803 13.1529
11.1803 12.0416
11.1803 12.7279
11.1803 12.7279
11.1803 13.4164
11.0454 12.1655
11.0454 12.8062
11.0454 14.8661
11.0454 11.4018
11.0454 12.083
11.0454 12.0416
11 11.4018
11 11.0454
11 11.0454
11 11.0454
11 15.1327
10.7703 39.5601
10.198 13
9.21954 13
9.21954 14.3178
9.05539 13.1529
3 3.16228
