66.9104 68
66.7083 66.7308
66.3702 67.0522
63 63.0714
63 63.0714
62.0322 62.0725
54.1202 55.2268
40 40.05
40 40.1123
40 40.0125
40 40.0125
40 40.1123
39 39.0512
39 39.1152
39 39.0128
39 39.0128
39 39.1152
39 40.1622
39 39.0512
39 39.2046
39 39.0512
39 39.0512
38.2099 38.3275
38.0132 38.1182
38.0132 38.2753
38 39.2046
38 38.0526
34.2345 35.8469
33.1361 33.2415
32.0156 34.5254
31.5753 31.6228
31.1448 32.0624
30.8058 30.8707
30.2655 30.6757
30 30.0666
29.0172 29.0689
29.0172 29.0689
29.0172 29.1548
29 29.0172
29 29.0172
29 30.8058
28.1603 30.0666
28.0179 28.0713
28 28.0179
28 28.0713
28 28.1603
27.1662 28.0179
27 28.0713
26.6833 26.9258
26.0192 33.541
25 25.1794
24.0208 24.1868
22.2036 23
22.0907 22.1359
22.0907 22.3607
22.0227 22.0907
22.0227 22.3607
22.0227 22.0907
22.0227 22.0907
22.0227 22.0907
22.0227 22.0907
22.0227 22.0907
22.0227 22.2036
22.0227 22.0907
22.0227 22.2036
22 22.0907
22 22.2036
22 22.0907
22 22.0227
22 22.2036
22 22.0227
22 22.0907
22 22.2036
22 22.3607
22 22.2036
22 22.2036
22 22.3607
22 23
22 22.0227
22 22.2036
22 22.0907
21.9317 22.2036
21.3776 21.9545
21.3776 22.0907
21.1896 22
21.095 21.8403
21.0238 21.095
21.0238 21.095
21.0238 21.2132
21.0238 21.095
21.0238 23.4094
21 21.2132
21 21.0238
21 21.8403
21 21.095
21 21.095
21 21.2132
21 22.1359
21 21.3776
21 21.0238
21 21.5407
21 22.8473
21 21.0238
21 22.561
21 21.095
20.8806 22.0907
20.8806 22.2036
20.8806 21.0238
20.8806 21.1896
20.6155 21.2132
20.6155 21.2132
20.5183 23.2594
20.3961 21.095
20.3961 22.2036
20.3961 22.0227
20.3961 21.9317
20.3961 22.3607
20.2485 22.1359
20.2485 20.5183
20.2237 22.4722
20.2237 22.0227
20.2237 23.1948
19.9249 22.3607
19.7231 19.8494
19.4165 22.8473
19.3132 20.5913
18.868 20.8087
18.868 22.8473
18.1108 18.4391
18 68.1836
14 22.561
4.47214 5
