69.0507 69.1231
69.0507 69.1809
68.593 69
23.0217 23.0868
23 23.0217
23 23.0868
23 23.0217
23 23.0868
23 23.0217
23 23.0217
23 23.0217
23 24.0416
23 23.0217
23 23.0217
23 23.0217
22.8035 23
22.3607 22.4722
22 22.0907
22 22.0227
22 22.0227
22 22.2036
22 22.0227
22 22.0227
22 22.0227
22 22.0907
22 22.0907
22 22.0907
21.587 22.0907
21.587 22
21.2132 21.9317
21 21.095
21 21.3776
21 21.0238
21 21.0238
21 21.0238
21 21.0238
21 21.0238
21 21.0238
21 21.095
21 21.095
21 23.4094
20 20.2237
20 20.025
19 19.105
19 19.105
19 20.2237
19 19.0263
19 19.0263
19 19.105
13.0384 13.1529
13 13.0384
13 13.0384
13 13.0384
13 13.1529
13 13.0384
13 13.1529
13 13.0384
13 13.0384
13 13.0384
13 13.0384
13 13.0384
13 13.0384
13 13.0384
13 13.0384
13 13.0384
13 13.0384
13 13.0384
13 13.1529
13 13.0384
13 13.0384
13 13.0384
13 13.1529
13 13.1529
13 13.1529
13 13.1529
13 13.0384
13 13.0384
13 13.3417
13 13.0384
13 13.0384
13 13.0384
13 13.0384
13 13.0384
13 13.0384
13 13.0384
13 13.0384
13 13.0384
13 13.0384
13 13.0384
13 13.0384
13 13.0384
13 13.1529
13 13.0384
13 13.1529
13 13.0384
13 13.0384
13 13.0384
13 13.1529
13 13.0384
13 13.0384
13 13.0384
13 13.0384
13 13.0384
13 13.0384
13 13.0384
13 13.0384
13 13.0384
13 13.0384
13 13.0384
13 13.0384
13 13.0384
13 13.0384
13 13.0384
13 13.0384
13 13.4164
12.6491 13.0384
12.6491 13
12.6491 13
12.6491 13
12.6491 14
12.3693 13.1529
12.3693 12.6491
12.3693 13.1529
12.3693 13.3417
12.3693 13.0384
12.3693 13
12.3693 13
12.3693 13
12.3693 13.1529
12.1655 12.3693
12.1655 13.6015
12.1655 13.0384
12.1655 13.0384
12.1655 13.1529
12.1655 13
12.1655 13.6015
12.083 13.3417
12.0416 13.6015
12.0416 13.3417
12 13.6015
11.0454 13.1529
11.0454 14.1421
11 11.1803
11 11.1803
11 11.0454
11 13.6015
6.08276 70.5195
