45.8912 46.8188
45.7056 47.0106
39.2938 39.3954
39.0512 39.2938
38.8973 39.3573
38.833 39.0512
38.6394 40
38.1182 39.2046
37.3631 38.0526
37.3631 46.0652
34.1321 37.8021
30.5941 31.1448
30.4138 31
30.4138 32.8938
23.3452 35.9026
21.0238 21.095
21.0238 21.2132
21.0238 21.095
21 21.5407
21 22.0227
20.8806 22
20.6155 21.0238
20.2237 21.0238
20.0998 22.0227
20 20.025
20 21.6333
19.9249 20
19.9249 20.0998
19.9249 21
18.9737 19
18.6815 18.7883
18.6815 18.7883
18.4391 19
18.1108 27.7308
18.1108 18.7883
18.1108 19.4165
18.1108 19
18.0278 19.0263
18.0278 18.7883
18 18.0278
18 18.0278
17.2627 17.8885
17.0294 17.088
17.0294 17.1172
16.4012 22.3607
16 20
15.0333 15.6525
15.0333 15.6525
15.0333 15.1327
15.0333 15.1327
15.0333 15.1327
15.0333 15.1327
15.0333 15.1327
15 15.2971
15 15.0333
15 15.0333
15 15.0333
15 15.0333
15 15.5242
15 15.0333
15 15.6525
15 15.1327
15 15.1327
15 15.2971
14.8661 15
14.8661 15.0333
14.8661 15.6525
14.8661 15.2971
14.8661 15.0333
14.8661 15.1327
14.5602 15
14.5602 15
14.5602 15.1327
14.5602 15.0333
14.5602 15.2643
14.5602 15.6525
14.3178 15.1327
14.3178 16.1245
14.3178 14.7648
14.3178 15.0333
14.3178 15
14.3178 15.0333
14.3178 16
14.1421 15.2315
13.9284 16.0312
13.9284 14.1421
13.6015 14.7648
13.6015 15.6525
13.1529 14.3178
13.0384 16.2788
13 16.0312
11.7047 52
2 2.23607
2 2.23607
