43.0465 43.1045
43.0116 43.1045
43 43.4166
41.7732 42.0595
41.5933 42.0119
41.0122 41.0488
41 41.0122
41 41.0488
41 41.0122
41 41.0122
41 42.45
31.0161 31.0483
31.0161 31.0644
31 31.0644
30.0666 31.257
30 30.0167
29.2746 29.4109
29.1548 29.5466
13.0384 13.1529
13.0384 13.1529
13.0384 13.3417
13.0384 13.1529
13 13.0384
13 13.0384
13 13.0384
13 13.0384
13 13.1529
13 13.0384
13 13.0384
13 13.0384
13 13.1529
13 13.1529
13 13.1529
13 13.1529
13 13.0384
13 13.1529
13 13.1529
13 13.0384
13 13.1529
13 13.0384
13 13.1529
13 13.0384
13 13.0384
13 13.0384
13 13.0384
13 13.0384
13 13.0384
13 13.0384
13 13.1529
13 13.1529
13 13.0384
13 13.0384
13 13.1529
13 13.1529
13 13.1529
13 13.0384
13 13.0384
13 13.0384
13 13.0384
13 13.0384
13 13.0384
13 13.0384
13 13.0384
13 13.0384
13 13.0384
13 13.0384
13 13.0384
13 13.0384
13 13.1529
13 13.0384
13 13.1529
13 13.1529
13 13.1529
13 13.0384
13 13.1529
13 13.1529
13 13.3417
13 13.1529
12.7279 12.8062
12.6491 13.1529
12.6491 13.0384
12.6491 13
12.6491 13
12.6491 13
12.6491 13.0384
12.6491 13
12.6491 13.0384
12.6491 13.1529
12.6491 13.0384
12.6491 13.0384
12.53 12.6491
12.3693 13.0384
12.3693 13.1529
12.3693 12.53
12.3693 12.8062
12.3693 12.53
12.3693 13
12.3693 13
12.3693 13.6015
12.3693 13
12.3693 13
12.1655 12.53
12.1655 13.0384
12.1655 13.4164
12.1655 12.53
12.1655 13
12.1655 13
12.1655 13
12.1655 13
12.1655 12.53
12.1655 13
12.1655 13.1529
12.1655 13.3417
12.1655 13
12.1655 12.53
12.1655 13
12.1655 13.1529
12.083 13
12.083 13.6015
12.083 12.7279
12.083 13.4536
12.0416 12.53
12.0416 13.0384
12.0416 13.1529
12.0416 13.6015
12.0416 13.9284
12.0416 13
11.7047 13.8924
11.7047 12.1655
11.4018 12.53
11.4018 12.1655
11.4018 13.0384
11.3137 11.4018
11.3137 11.7047
11.3137 12.0416
11.3137 11.4018
11.3137 11.4018
11.3137 11.4018
11.1803 12.0416
11.1803 11.7047
11.1803 12.083
11.1803 11.4018
11.1803 12.53
11.1803 13.3417
11.0454 13.3417
10.8167 12.1655
10.6301 11.6619
9.8995 13.9284
9.8995 12.2066
9.8995 13.6015
9 22.1359
7.2111 7.28011
5.65685 5.83095
