52 52.0096
51 51.0392
50 50.01
50 51.788
49 49.0102
49 49.0408
46 46.0109
46 46.0109
46 46.0435
43 43.0465
42 42.0476
34 34.0147
32.9848 36.7696
30 30.0167
30 30.0167
29.8329 30
29.4109 29.4279
29.0689 29.4279
29.0172 29.0689
27.5136 27.8568
26.9258 27.074
26.4764 26.5707
25 25.0599
24.4131 24.6982
24.1868 30.0666
24.1868 25
24.0208 24.0416
24 24.0208
24 24.0208
24 24.0208
24 24.1661
23.0868 25.02
23.0217 23.1948
23 23.0217
23 23.0868
21.9317 21.9545
21.9317 21.9545
21.8403 22.2036
21.8403 22.1359
21.2603 21.4709
20.8087 21.6333
20.5913 20.6155
20.5913 30.2655
20.2485 29.2746
19.2094 19.3132
19.0263 19.105
19 22.0907
18 18.0278
18 18.0278
16.5529 17
16 16.2788
16 16.1245
15.2315 15.2643
15.1327 15.6525
15 15.0333
15 16.5529
15 15.1327
14.7648 15.0333
14.5602 15.0333
14.3178 20
12.6491 13
11.0454 52.1536
11.0454 11.1803
10 10.2956
7.61577 8
7.61577 8.48528
6.7082 7.07107
6 6.08276
4.47214 5.38516
4.12311 4.24264
3.60555 4
