67 67.0075
67 67.0075
67 67.0075
67 67.0075
67 67.0075
67 92.0054
28.2843 28.3019
28.2843 28.3196
28.2843 28.3019
28.0179 28.2843
27.7308 27.8029
27.6586 27.7849
27.2947 27.4591
27.0185 27.5136
27 27.0185
27 27.0185
27 27.0185
27 27.0185
26.9258 27.313
26.9258 27.1662
26.9258 27.074
26.8701 26.9072
26.8701 27.0185
26.8328 26.9258
26.8328 26.9258
26.6833 27.0185
26.6833 27.1662
26.5707 27.2029
26.4197 26.9258
26.2488 26.3059
26.0768 26.5707
26 26.0192
26 26.0192
26 26.0192
26 26.0192
26 26.0192
26 26.0192
26 26.0192
26 26.0192
26 26.0192
26 26.0192
26 26.0192
26 26.0192
26 26.0192
25.807 27.2947
25.4951 26
23.5372 24
22 22.0227
22 22.0227
22 22.0227
22 22.0227
22 22.0227
22 22.0227
22 22.0227
22 27.8927
21.8403 21.9317
21.5407 21.587
20.5913 20.8087
20.1246 20.2485
16 28.3196
