49.6488 54.5711
49 49.0102
49 49.0102
49 49.0102
49 49.0102
49 49.0102
49 49.0102
49 49.0102
49 49.0102
49 49.0102
49 49.0102
49 49.0102
49 62.2013
31.5753 32
31.4006 31.6228
31.1448 31.305
31.1127 31.4006
30.8058 31.0161
30.3645 30.4138
30.1496 30.4631
29.9666 30.0167
29.9666 30.0832
29.6142 30
29.6142 29.7321
29.4279 30.5941
29.1548 29.7321
29.0689 29.1548
29 31.8277
28.4605 28.6356
28.4429 28.4605
28.2312 28.3019
28.1603 28.178
27.5136 27.6586
27.5136 27.7849
27.313 28.0179
27.2947 27.4591
19 31.0161
18.4391 32
15.5242 32.1403
1 2.23607
1 2.23607
1 3
