157 157.003
157 195.167
61.6847 61.7171
61.4003 61.8466
61 61.0082
61 61.0082
60.8112 61.0737
60.8112 61.5873
60.803 60.8112
60.2163 61.7171
60.208 61.0328
58.6003 59.203
56.7979 57.0088
56.648 58.0517
56.2939 56.3028
55.1543 55.2268
54.6443 55.4437
54.1295 55.0091
53.6004 53.7587
53.0094 53.7587
53.0094 53.4883
53 53.0094
52.5547 52.7731
51 51.0098
51 51.0098
51 51.0098
51 51.0098
51 51.0098
51 51.0098
51 51.0098
51 51.0098
51 51.0392
50.9608 51.5461
50.9608 51.0392
50.6952 51.1566
49.6488 51.0098
49 49.0918
46.8402 47.7598
44.643 45.0999
44.1475 44.7772
42.9535 43.7379
40.3113 41.0488
24.3516 38.2753
9 61.9839
2.23607 3
