34 34.0147
34 34.0147
34 34.0147
34 49
18.9737 19.105
17 17.0294
17 17.0294
16.7631 28
11.1803 13.9284
10 10.4403
10 30.8058
9.43398 13
9 9.05539
9 9.05539
9 17.4929
8.94427 10.0499
8.94427 10
8.06226 12.0416
8.06226 8.24621
8 11.1803
8 8.24621
8 8.06226
8 8.06226
8 8.06226
7.81025 12.083
7.81025 13
7.2111 13
7.07107 17.72
7 7.07107
7 7.07107
7 7.07107
7 7.61577
6 6.08276
6 6.08276
6 6.08276
6 6.08276
6 6.08276
6 6.08276
6 6.08276
4 4.12311
4 4.12311
4 4.12311
4 4.12311
4 4.12311
4 4.47214
3.16228 4.12311
3.16228 3.60555
3 3.16228
3 3.16228
3 3.16228
3 3.16228
3 3.16228
3 3.16228
3 3.16228
3 3.16228
3 3.16228
3 3.16228
3 3.16228
3 3.16228
3 3.16228
3 3.16228
3 3.16228
3 3.16228
2 2.23607
2 2.23607
2 2.23607
2 2.23607
2 2.23607
2 2.23607
2 2.23607
2 2.23607
2 2.23607
2 2.23607
2 2.23607
2 2.23607
2 2.23607
2 2.23607
2 2.23607
2 2.23607
2 2.23607
2 2.23607
2 2.23607
2 2.23607
2 2.23607
2 2.23607
2 2.23607
2 2.23607
2 2.23607
2 2.23607
2 2.23607
2 2.23607
2 2.23607
1 2.23607
1 2
1 2.23607
1 2.23607
1 2
1 2.23607
1 2.23607
1 2.23607
1 2.23607
1 2.23607
1 2
1 2
1 2.23607
1 2.23607
1 2
1 1.41421
1 2
1 2
1 2.23607
1 2
1 2
1 2.23607
1 2.23607
1 2
1 2.23607
1 2.23607
1 2.23607
1 2.23607
1 2.23607
1 2
1 2
1 2
1 2
1 2
