29 29.0172
29 29.0172
29 46.0109
17.4642 17.72
17.088 17.4642
17.0294 17.1172
17 17.0294
17 18
15.5563 15.6205
15.5563 15.8114
15.2315 15.2643
15.2315 15.2971
15.2315 15.2643
15.2315 15.2643
14.8661 15.0333
14.5602 14.8661
13.9284 14.2127
13.8924 14.2127
13.6015 14.4222
8 8.06226
8 8.06226
7 7.07107
6.32456 7.07107
6 6.08276
6 6.08276
6 6.32456
6 6.08276
6 6.08276
6 6.08276
6 6.08276
6 6.08276
5.38516 6
5.38516 5.65685
5.38516 6.08276
5.09902 5.83095
5.09902 5.65685
5.09902 5.38516
5.09902 5.38516
5.09902 5.65685
5.09902 5.65685
5 5.83095
5 5.38516
5 5.09902
5 6
5 5.65685
5 5.09902
5 5.65685
5 5.83095
5 5.09902
5 6.08276
5 5.09902
5 6.32456
5 5.09902
5 5.65685
5 5.09902
5 6
5 6.08276
5 5.09902
5 5.09902
5 6.40312
5 5.09902
5 6.08276
5 5.09902
5 7.2111
5 5.09902
5 5.09902
5 5.38516
4.47214 5
4.24264 4.47214
4.24264 4.47214
4.24264 5
4.24264 4.47214
4.24264 4.47214
4.12311 5
4.12311 5
4.12311 4.24264
4.12311 4.24264
4.12311 5.09902
4 4.24264
4 4.12311
4 4.12311
4 4.12311
4 4.12311
4 4.12311
4 4.12311
4 4.12311
4 4.12311
4 4.12311
4 8
4 8.06226
4 8.06226
4 5
4 4.12311
4 4.12311
4 4.12311
4 4.12311
4 4.12311
4 4.12311
4 8.06226
3.60555 4
3.60555 4
3.60555 4.47214
3.60555 5
3.60555 4.47214
3.60555 4.24264
3.60555 4
3.60555 4.12311
3.16228 4.12311
3.16228 3.60555
3.16228 18
3.16228 4.47214
3.16228 3.60555
3.16228 4.47214
3.16228 3.60555
3.16228 8
3 3.60555
3 3.16228
3 3.60555
3 3.16228
3 3.16228
3 3.60555
3 3.16228
3 3.16228
3 3.16228
3 3.16228
3 3.16228
3 4.12311
3 3.16228
3 3.60555
3 3.16228
3 5
3 3.60555
3 3.16228
3 3.16228
3 3.16228
3 3.16228
3 3.16228
3 3.16228
3 3.16228
3 3.16228
3 3.16228
3 3.16228
3 3.16228
3 3.60555
3 3.16228
3 3.16228
3 3.16228
3 5
3 4.24264
3 3.16228
3 3.16228
3 3.16228
3 3.16228
3 5
3 3.16228
3 3.16228
3 3.16228
3 3.16228
3 3.16228
3 3.16228
3 3.60555
3 4.47214
3 3.16228
3 3.16228
3 3.16228
3 3.16228
3 3.16228
3 3.16228
3 3.16228
3 3.16228
3 3.16228
3 3.16228
2.82843 3
2.82843 3
2.82843 7
2.82843 3
2.82843 3
2.23607 3.60555
2.23607 3.16228
2.23607 3.16228
2.23607 3.60555
2.23607 4.12311
2.23607 4.12311
2.23607 3.16228
2 2.23607
2 2.23607
2 2.23607
2 2.23607
2 2.23607
2 2.23607
2 2.23607
2 2.23607
2 2.23607
2 2.23607
2 2.23607
2 2.23607
2 2.23607
2 2.23607
2 2.23607
2 2.23607
2 2.23607
2 2.23607
1 1.41421
1 1.41421
