79 113.111
19.9249 20
19.6977 19.799
19.6977 21
19.4165 20.025
19.2094 19.2354
19.0263 19.2354
19 19.2354
19 19.0263
19 19.0263
18.6815 18.7883
18.4391 18.7883
18.3848 18.7883
18.3848 19.105
18.3848 18.6815
18.3576 18.6011
18.0278 18.3576
18.0278 18.3848
18.0278 18.3848
17.8885 18.1108
17.72 19.0263
17.72 18.0278
17.72 18
17.6918 17.8045
17.6918 18.7883
17.4642 17.8885
17.4642 17.4929
17.088 17.8885
17.088 18.2483
17.088 18.0278
17.088 17.1172
17.0294 20.0998
16.0312 16.1245
16 16.0312
16 16.1245
16 16.0312
16 16.0312
16 19.105
16 16.2788
15.6525 15.8114
15.6525 15.8114
15 15.0333
15 15.1327
15 15.0333
14.3178 14.4222
14.3178 14.4222
14 14.0357
13.9284 20
13.4164 13.4536
13.0384 13.3417
13 13.0384
13 13.4536
12.6491 21.095
6.7082 7.07107
6.40312 6.7082
6.40312 6.7082
6.40312 7.07107
6.40312 7.07107
6.40312 7.07107
6.32456 6.40312
6.32456 6.40312
6.08276 6.40312
6 6.08276
6 6.32456
6 6.40312
6 6.08276
6 6.08276
6 6.32456
6 7.2111
5.83095 6.08276
5.83095 6
5.83095 7.07107
5.65685 6.08276
5.65685 7.28011
5.38516 5.65685
5.38516 6
5.38516 6.40312
5.09902 6.08276
5 5.09902
5 5.09902
5 5.38516
5 5.38516
5 6.08276
5 7.28011
4 4.24264
4 4.12311
4 4.24264
3.60555 5
3.60555 4
3.60555 4
3.60555 4
3.60555 4.24264
3.60555 4.12311
3.16228 3.60555
3.16228 3.60555
3.16228 3.60555
3.16228 3.60555
3.16228 3.60555
3.16228 3.60555
3 4
3 3.16228
3 3.60555
3 3.60555
3 3.60555
3 3.16228
3 3.60555
3 5
3 4.47214
3 5
3 3.60555
2.82843 3
2.82843 3
2.82843 3.16228
2.82843 4.12311
2.82843 3.16228
2.82843 3
2.82843 4
2.82843 3
2.82843 3.16228
2.82843 4
2.82843 4
2.82843 3
2.23607 3
2.23607 3.16228
2.23607 3
2.23607 3
2.23607 3
2.23607 3
2.23607 3
2.23607 3
2.23607 3
2.23607 3
2.23607 3
2.23607 3
2.23607 3
2.23607 3
2.23607 3
2.23607 3.16228
2.23607 3.16228
2.23607 3
2 2.23607
2 3
2 3
2 2.23607
2 2.23607
2 2.23607
2 2.23607
2 2.23607
2 2.23607
2 2.23607
2 2.23607
2 2.23607
1 1.41421
