43 43.0116
43 43.0116
43 43.0116
43 43.0116
43 43.0116
43 43.0116
43 43.0116
43 43.0116
43 43.0116
43 43.0116
43 43.0465
43 43.0116
43 43.0116
43 43.0116
43 43.0116
43 43.0116
43 43.0116
43 43.0116
43 43.0116
43 43.0116
43 43.0116
43 43.0116
43 43.0116
43 43.0116
43 43.0116
43 43.0116
43 43.0116
43 43.0116
43 43.0116
43 43.0116
43 43.0116
43 43.0116
43 43.0116
43 43.0116
43 43.0116
43 43.0116
43 43.0116
43 43.0116
43 43.0116
43 43.0116
43 43.0116
43 43.0116
43 43.0116
43 43.0116
43 43.0116
43 43.0116
43 43.0116
43 43.0116
43 43.0116
43 43.0116
43 43.0116
43 43.0116
43 43.0116
43 43.0116
43 43.0116
36 36.0139
36 36.0139
36 36.0139
36 36.0139
36 36.0139
36 36.0139
36 36.0139
35 35.0143
35 35.0143
35 35.0143
35 36.0139
35 35.0143
35 35.0143
35 35.0143
35 35.0143
35 35.0143
35 35.1283
34 34.0147
34 35.0143
34 34.0147
34 34.0147
34 34.0147
34 34.0147
33 33.0151
33 33.0151
33 33.0151
33 33.0151
33 33.0151
33 33.0151
33 33.0151
33 33.0151
33 33.0151
33 33.0151
33 33.0151
33 33.0151
33 33.0151
32 32.0156
32 32.0156
32 32.0156
32 32.0156
32 32.0156
32 32.0156
32 32.0156
31 31.0161
31 31.0161
1 48.7032
