53 53.0094
53 53.0094
52 52.0096
52 52.0096
41 41.0122
41 41.0122
41 41.0122
41 41.0122
41 41.0122
41 41.0122
41 41.0122
41 41.0122
41 41.0122
41 41.0122
41 41.0122
41 41.0122
41 41.0122
41 41.0122
41 41.0122
41 41.0122
41 41.0122
41 41.0122
41 41.0122
41 41.0122
40.7922 41.0122
40 40.0125
40 40.0125
40 40.0125
40 40.0125
40 40.0125
40 40.0125
40 40.0125
40 40.0125
40 40.0125
40 40.0125
40 40.0125
40 40.0125
40 40.0125
40 40.0125
40 40.0125
40 40.0125
40 40.0125
40 40.0125
40 40.0125
40 40.0125
40 40.0125
40 40.0125
40 40.0125
40 40.0125
40 40.0125
40 40.0125
40 40.0125
40 40.0125
40 40.0125
40 40.0125
40 40.0125
40 40.0125
40 40.0125
40 40.0125
40 41.0122
39.4588 40.0125
39 39.0128
39 39.0128
39 39.0128
39 39.0128
39 39.0128
39 39.0128
39 39.0128
39 39.0128
39 39.0128
39 39.0128
39 39.0128
39 39.0128
39 39.0128
39 39.0128
39 39.0128
39 39.0128
39 39.0128
39 39.0128
39 39.0128
39 39.0128
39 39.0128
39 39.0128
39 39.0128
39 39.0128
39 39.0128
39 39.0128
39 39.0128
39 39.0128
39 39.0128
39 39.0128
39 39.0128
39 39.0128
39 39.0128
39 40.0125
38.3275 39.0128
38 38.0132
38 38.0132
38 38.0132
38 38.0132
38 38.0132
38 38.0132
38 38.0132
38 38.0132
38 38.0132
38 38.0132
38 38.0132
38 38.0132
38 38.0132
38 38.0132
38 38.0132
38 38.0132
38 38.0132
38 38.0132
38 38.0132
38 38.0132
38 38.0132
38 38.0132
38 38.0132
38 38.0132
38 38.0132
38 38.0132
38 38.0132
38 38.0132
38 38.0132
38 38.0132
38 38.0132
38 38.0132
38 39
37.1214 38.0132
37 37.0135
37 37.0135
37 37.0135
37 37.0135
37 37.0135
37 37.0135
37 37.0135
37 37.0135
37 37.0135
37 37.0135
37 37.0135
37 37.0135
37 37.0135
37 37.0135
37 37.0135
37 37.0135
37 37.0135
37 37.0135
37 37.0135
37 37.0135
37 37.0135
37 37.0135
37 37.0135
37 37.0135
37 37.0135
37 37.6431
1 54
