38.6394 38.8973
38.4708 38.6005
38.4708 38.6005
38.4708 38.8973
38.3275 38.6005
38.0789 38.1182
38.0789 38.1182
38.0789 38.3275
37.855 38.1182
34.7131 34.7851
30.8058 31.0161
30.8058 31
30.5941 31
30.5941 31
30.5941 31
30.4138 31
30.4138 31
30.4138 30.6757
30.2655 31
30.2655 30.3645
30.1496 30.3645
30.1496 30.3645
30.0666 30.0832
30.0666 30.0832
29.8329 30.0832
29.8329 30
29.6142 30
29.6142 30
29.6142 30
29.4279 30
29.4279 30
29.4279 29.7321
29.1548 29.4109
29.1548 29.4109
29.1548 29.4109
29.1548 29.4109
29.0689 29.1204
28.8617 29.0172
28.8617 29.1204
28.6356 29
28.6356 29
28.6356 29
28.4429 29
28.4429 29
28.4429 29
28.2843 28.4605
28.1603 28.4605
28.1603 28.4605
3 39.0128
