38 38.0132
38 38.0132
38 38.0132
18 18.0278
18 18.0278
18 18.0278
18 18.0278
18 18.0278
18 18.0278
18 18.0278
18 18.0278
18 18.0278
18 18.0278
18 18.0278
18 18.0278
18 18.0278
18 18.0278
18 18.0278
18 18.0278
18 18.0278
18 18.0278
18 18.0278
18 18.0278
18 18.0278
18 18.0278
18 18.0278
18 18.0278
18 18.0278
18 18.0278
18 18.0278
18 18.0278
17.1172 18.0278
17.1172 18.0278
17.1172 18.0278
17.1172 18.0278
17.1172 18.0278
17.088 17.1172
17.0294 17.1172
17.0294 17.1172
17.0294 17.088
17.0294 17.2627
17.0294 18.0278
17.0294 18.0278
1 38.0132
