43.2666 43.2782
42.5206 42.72
17.088 17.1172
17.0294 17.1172
17 17.088
17 17.088
17 17.088
17 17.088
17 17.088
17 17.088
17 17.0294
16.9706 17.0294
16.9706 17
16.9706 17
16.9706 17.0294
16.9706 17
16.9706 17
16.9706 17.0294
16.9706 17.0294
16.9706 17.0294
16.9706 17.0294
16.9706 17.0294
16.9706 17.0294
16.9706 17.0294
16.9706 17.0294
16.9706 17.0294
16.9706 17.0294
16.9706 17.0294
16.9706 17.0294
16.9706 17.0294
16.9706 17
16.9706 17
16.9706 17.0294
16.9706 17.088
16.9706 18.0278
16.7631 17.088
16.7631 17.088
16.6433 16.9706
16.4012 17.088
16.4012 16.9706
16.4012 17.0294
16.4012 17.088
16.4012 17.088
16.4012 16.9706
16.4012 16.6433
16.4012 17.0294
16.4012 16.6433
16.4012 17.2627
1 43.8292
