51 51.0098
51 51.0098
51 51.0098
51 51.0098
51 51.0098
51 51.0098
51 51.0098
51 51.0098
51 51.0098
51 51.0098
51 51.0098
51 51.0098
51 51.0098
51 51.0098
51 51.0098
51 51.0098
51 51.0098
51 51.0098
51 51.0098
51 51.0098
51 51.0098
51 51.0098
51 51.0098
51 51.0098
51 51.0098
51 51.0098
51 51.0098
51 51.0098
51 51.0098
51 51.0098
51 51.0098
51 51.0098
51 51.0098
51 51.0098
51 51.0098
51 51.0098
51 51.0098
51 51.0098
51 51.0098
51 51.0098
51 51.0098
51 51.0098
51 51.0098
51 51.0098
51 51.0098
51 51.0098
51 51.0098
51 51.0098
51 51.0098
51 51.0098
51 51.0098
51 51.0098
51 51.0098
51 51.0098
51 51.0098
51 51.0098
51 51.0098
51 51.0098
51 51.0098
49 49.0102
49 49.0102
49 49.0102
49 49.0102
49 49.0102
49 49.0102
49 49.0102
49 49.0102
49 49.0102
49 49.0102
49 49.0102
49 49.0408
48 48.0104
48 48.0104
48 48.0104
48 48.0104
48 48.0104
48 48.0104
48 48.0104
48 48.0104
48 48.0104
48 48.0104
48 48.0104
48 48.0104
48 48.0104
48 48.0104
48 48.0104
48 48.0104
48 48.0104
48 48.0104
48 48.0104
48 48.0104
48 48.0104
48 48.0104
1 89.7385
