64 64.0078
64 64.0078
64 64.0078
64 64.0078
64 64.0078
64 64.0078
64 64.0078
64 64.0078
64 64.0078
64 64.0078
64 64.0078
64 64.0078
64 64.0078
64 64.0078
64 64.0078
64 64.0078
63 63.0079
63 63.0079
63 63.0079
63 63.0079
63 63.0079
63 63.0079
63 63.0079
63 63.0079
63 63.0079
63 63.0079
63 63.0079
63 63.0079
63 63.0079
63 63.0079
63 63.0079
63 63.0079
63 63.0079
63 63.0079
63 63.0079
63 63.0079
63 63.0317
63 63.0079
63 63.0079
63 63.0079
63 63.0079
63 63.0079
63 63.0079
63 63.0079
63 63.0079
63 63.0079
63 63.0079
63 63.0079
63 63.0079
63 63.0079
63 63.0079
63 63.0079
63 63.0079
63 63.0079
63 63.0079
63 63.0079
62 62.0081
62 62.0081
62 62.0081
62 62.0081
62 62.0081
62 62.0081
62 62.0081
62 62.0081
62 62.0081
62 62.0081
62 62.0081
62 62.0081
62 62.0081
62 62.0081
62 62.0081
62 62.0081
62 62.0081
62 62.0081
62 62.0081
62 62.0081
62 62.0081
62 62.0081
62 62.0081
62 62.0081
62 62.0081
62 62.0081
62 62.0081
62 62.0081
62 62.0081
62 62.0081
62 62.0081
62 62.0081
62 62.0081
62 62.0081
62 62.0081
62 62.0081
62 62.0081
62 62.0081
62 62.0081
62 62.0081
62 62.0081
62 62.0081
62 62.0081
62 62.0081
62 62.0081
62 62.0081
62 62.0081
62 62.0081
61.9839 64.0078
61 61.0082
61 61.0082
61 61.0082
61 61.0082
61 61.0328
61 61.0082
61 61.0082
61 61.0082
61 61.0082
61 61.0082
61 61.0082
61 61.0082
61 61.0082
61 61.0082
61 61.0082
61 61.0082
61 62.0081
4 99.8599
