49.0102 49.366
49 49.0102
49 49.0102
49 49.0102
49 49.0102
49 49.0102
49 49.0102
49 49.0102
49 49.0102
49 49.0102
49 49.0102
49 49.0102
49 49.0408
49 49.0102
49 49.0102
49 49.0102
49 49.0918
48 48.0104
48 48.0104
48 48.0104
48 48.0104
48 48.0104
48 48.0104
48 48.0104
48 48.6621
48 48.0104
48 48.0416
48 48.0104
48 48.0104
48 48.0104
48 48.0104
48 48.0104
48 49.4975
48 48.0104
48 48.0104
48 48.0104
48 48.0104
48 48.5077
48 48.0104
48 48.0104
48 48.0104
48 48.0104
48 48.0104
48 48.0416
48 48.0104
48 48.0104
48 48.0104
48 48.0104
48 49.366
48 48.0104
48 48.0104
48 48.0208
46 46.0109
46 46.0109
46 46.0109
46 46.0109
45 45.0111
45 45.0111
45 45.0111
45 45.0111
45 45.0111
45 45.0111
45 45.0999
45 45.0111
45 45.0111
45 45.0111
45 45.0111
45 45.2769
45 45.0111
45 45.0111
45 45.0111
45 45.0111
45 45.0111
44.4072 46.8402
44 44.0114
44 44.0114
44 44.0114
44 44.0114
44 44.0114
44 44.0114
44 44.5533
3.16228 86.8217
