87.0057 87.023
87.0057 87.023
87.0057 87.023
87.0057 87.0517
87.0057 87.023
87.0057 87.023
87.0057 87.023
87.0057 87.0517
87 87.0057
87 87.0057
87 87.0057
87 87.0057
87 87.023
87 87.0919
87 87.0919
87 87.023
87 87.023
87 87.0057
87 87.2066
86.0058 86.0233
86.0058 86.0233
86.0058 86.0233
86.0058 86.0523
86 86.0058
86 86.1452
86 86.0233
86 86.0523
86 86.0233
86 86.093
85.5102 86
85.4751 87
85.4751 87.0057
85.1469 85.7263
85 85.0059
85 85.0235
85 85.0941
85 85.0059
85 85.0941
85 85.0059
85 85.0529
84.214 86
84.1487 85.7263
84.0238 87.0057
84.006 84.0238
84.006 84.0238
84 84.0238
84 84.006
84 88.0227
83.006 83.0241
83.006 83.0241
83 83.0241
83 83.0542
83 83.0241
83 83.0542
83 83.0241
83 83.0542
83 83.006
83 87
81.3941 82.0061
80.1561 81.0432
10 145.619
